MARGINALPDBC;
2026;07;27;1;166.4;166.4;
2026;07;27;2;165;165;
2026;07;27;3;155.17;155.17;
2026;07;27;4;147.82;147.82;
2026;07;27;5;147.58;147.58;
2026;07;27;6;147.1;147.1;
2026;07;27;7;144.39;144.39;
2026;07;27;8;142.5;142.5;
2026;07;27;9;141.99;141.99;
2026;07;27;10;138.3;138.3;
2026;07;27;11;136.58;136.58;
2026;07;27;12;136.03;136.03;
2026;07;27;13;134.9;134.9;
2026;07;27;14;133.45;133.45;
2026;07;27;15;130.6;130.6;
2026;07;27;16;130;130;
2026;07;27;17;125;125;
2026;07;27;18;123.66;123.66;
2026;07;27;19;124.23;124.23;
2026;07;27;20;125;125;
2026;07;27;21;124.9;124.9;
2026;07;27;22;126.48;126.48;
2026;07;27;23;126.56;126.56;
2026;07;27;24;129.64;129.64;
2026;07;27;25;130.6;130.6;
2026;07;27;26;140;140;
2026;07;27;27;145.16;145.16;
2026;07;27;28;147.34;147.34;
2026;07;27;29;152.31;152.31;
2026;07;27;30;151.99;151.99;
2026;07;27;31;149.89;149.89;
2026;07;27;32;147.34;147.34;
2026;07;27;33;147.82;147.82;
2026;07;27;34;134.9;134.9;
2026;07;27;35;112.16;112.16;
2026;07;27;36;91.88;91.88;
2026;07;27;37;104;104;
2026;07;27;38;87.4;87.4;
2026;07;27;39;72.2;72.2;
2026;07;27;40;32.26;32.26;
2026;07;27;41;38.05;25.18;
2026;07;27;42;29.76;1.95;
2026;07;27;43;29.76;1;
2026;07;27;44;28.05;0.01;
2026;07;27;45;29.76;0;
2026;07;27;46;29.76;0;
2026;07;27;47;29.76;0;
2026;07;27;48;29.76;0;
2026;07;27;49;28.05;0;
2026;07;27;50;29.76;0.01;
2026;07;27;51;29.76;0.01;
2026;07;27;52;29.76;0.01;
2026;07;27;53;32.26;0.01;
2026;07;27;54;32.26;0.3;
2026;07;27;55;32.26;0.45;
2026;07;27;56;32.26;0.45;
2026;07;27;57;32.26;0.51;
2026;07;27;58;32.26;0.51;
2026;07;27;59;29.76;0.51;
2026;07;27;60;29.76;0.51;
2026;07;27;61;29.76;0.5;
2026;07;27;62;29.76;0.5;
2026;07;27;63;29.76;0.5;
2026;07;27;64;32.26;0.51;
2026;07;27;65;32.26;0.54;
2026;07;27;66;32.26;1;
2026;07;27;67;32.26;1.08;
2026;07;27;68;32.26;1.08;
2026;07;27;69;32.26;1.08;
2026;07;27;70;38.05;1.2;
2026;07;27;71;38.05;2.5;
2026;07;27;72;38.05;19.17;
2026;07;27;73;57.92;57.92;
2026;07;27;74;86.98;86.98;
2026;07;27;75;95.59;95.59;
2026;07;27;76;117.99;117.99;
2026;07;27;77;110.3;110.3;
2026;07;27;78;136.48;136.48;
2026;07;27;79;156.51;156.51;
2026;07;27;80;179.95;179.95;
2026;07;27;81;151.37;151.37;
2026;07;27;82;172.54;172.54;
2026;07;27;83;184;184;
2026;07;27;84;188.61;188.61;
2026;07;27;85;203.39;203.39;
2026;07;27;86;246.69;246.69;
2026;07;27;87;250;250;
2026;07;27;88;229.01;229.01;
2026;07;27;89;208.3;208.3;
2026;07;27;90;200;200;
2026;07;27;91;200;200;
2026;07;27;92;188.61;188.61;
2026;07;27;93;184.5;184.5;
2026;07;27;94;184.5;184.5;
2026;07;27;95;183;183;
2026;07;27;96;182.01;182.01;
*
