OMIE - Mercado de electricidad;Fecha Emisión :26/01/2026 - 12:35;;03/10/2025;Precio del mercado diario (EUR/MWh);;;;

;H1Q1;H1Q2;H1Q3;H1Q4;H2Q1;H2Q2;H2Q3;H2Q4;H3Q1;H3Q2;H3Q3;H3Q4;H4Q1;H4Q2;H4Q3;H4Q4;H5Q1;H5Q2;H5Q3;H5Q4;H6Q1;H6Q2;H6Q3;H6Q4;H7Q1;H7Q2;H7Q3;H7Q4;H8Q1;H8Q2;H8Q3;H8Q4;H9Q1;H9Q2;H9Q3;H9Q4;H10Q1;H10Q2;H10Q3;H10Q4;H11Q1;H11Q2;H11Q3;H11Q4;H12Q1;H12Q2;H12Q3;H12Q4;H13Q1;H13Q2;H13Q3;H13Q4;H14Q1;H14Q2;H14Q3;H14Q4;H15Q1;H15Q2;H15Q3;H15Q4;H16Q1;H16Q2;H16Q3;H16Q4;H17Q1;H17Q2;H17Q3;H17Q4;H18Q1;H18Q2;H18Q3;H18Q4;H19Q1;H19Q2;H19Q3;H19Q4;H20Q1;H20Q2;H20Q3;H20Q4;H21Q1;H21Q2;H21Q3;H21Q4;H22Q1;H22Q2;H22Q3;H22Q4;H23Q1;H23Q2;H23Q3;H23Q4;H24Q1;H24Q2;H24Q3;H24Q4;
Precio marginal en el sistema español (EUR/MWh);   117,88;   117,80;   116,30;   114,74;   114,74;   112,20;   111,90;   111,60;   106,63;   106,31;   105,00;   104,06;   104,06;   104,06;   104,06;   104,06;   104,04;   104,04;   104,04;   104,04;   104,02;   104,02;   105,08;   111,60;   104,01;   108,80;   111,84;   117,80;   119,24;   121,80;   126,92;   129,82;   144,93;   138,58;   126,23;   120,00;   126,99;   119,02;   116,30;   100,00;   102,28;    69,07;    60,16;    48,00;    58,94;    45,96;    50,00;    43,88;    47,97;    44,20;    40,00;    35,00;    45,76;    42,00;    36,20;    32,55;    38,08;    37,44;    40,00;    40,95;    32,91;    40,00;    40,00;    40,00;    34,45;    41,20;    45,76;    55,00;    40,01;    55,00;    59,05;    79,49;    61,33;    87,73;   111,57;   119,02;   111,60;   117,88;   119,46;   130,96;   129,12;   136,05;   144,93;   144,93;   144,93;   142,74;   129,20;   121,04;   126,23;   119,24;   119,00;   118,76;   118,76;   117,88;   117,37;   111,97;
Precio marginal en el sistema portugués (EUR/MWh);   117,88;   117,80;   116,30;   114,74;   114,74;   112,20;   111,90;   111,60;   106,63;   106,31;   105,00;   104,06;   104,06;   104,06;   104,06;   104,06;   104,04;   104,04;   104,04;   104,04;   104,02;   104,02;   105,08;   111,60;   104,01;   108,80;   111,84;   117,80;   119,24;   121,80;   126,92;   129,82;   144,93;   138,58;   126,23;   120,00;   126,99;   119,02;   116,30;   100,00;   102,28;    69,07;    60,16;    48,00;    58,94;    45,96;    50,00;    43,88;    47,97;    44,20;    40,00;    35,00;    45,76;    42,00;    36,20;    32,55;    38,08;    37,44;    40,00;    40,95;    32,91;    40,00;    40,00;    40,00;    34,45;    41,20;    45,76;    55,00;    40,01;    55,00;    59,05;    79,49;    61,33;    87,73;   111,57;   119,02;   111,60;   117,88;   119,46;   130,96;   129,12;   136,05;   144,93;   144,93;   144,93;   142,74;   129,20;   121,04;   126,23;   119,24;   119,00;   118,76;   118,76;   117,88;   117,37;   111,97;
Potencia total de compra sistema español (MW);  16314,8;  16259,6;  16023,8;  15838,6;  15632,5;  15520,6;  15343,8;  15196,3;  14867,8;  14744,9;  14683,9;  14603,8;  14501,7;  14472,0;  14446,6;  14434,0;  14277,7;  14274,3;  14332,8;  14380,9;  14316,6;  14437,2;  14573,3;  14814,4;  15444,5;  15828,8;  16464,1;  16826,6;  18261,0;  18863,3;  19138,2;  19371,5;  19902,2;  20061,7;  19856,5;  19665,2;  20429,5;  20137,5;  19135,3;  20383,4;  19687,6;  20665,9;  20645,9;  21806,4;  23261,1;  23834,2;  23460,6;  24047,8;  24354,5;  24750,7;  25051,9;  25608,5;  24417,6;  24777,8;  25072,2;  25297,3;  24479,6;  24466,2;  24338,5;  23966,8;  24234,6;  23494,4;  23351,7;  23421,2;  24198,0;  23493,7;  23236,2;  23279,1;  24208,5;  23747,7;  22928,2;  22523,5;  20188,8;  20055,4;  19812,8;  19879,8;  19845,9;  19781,7;  20324,6;  20346,9;  20340,0;  20535,4;  20708,3;  20646,6;  20827,8;  20681,7;  20447,5;  20024,9;  19507,1;  19063,3;  18700,8;  18208,8;  17928,5;  17501,3;  17262,8;  17106,1;
Potencia total de venta sistema español (MW);  16807,3;  16663,8;  16647,2;  16533,4;  16314,3;  16125,9;  15965,5;  15940,5;  15751,5;  15564,9;  15536,4;  15516,1;  15391,7;  15365,9;  15345,0;  15316,2;  15414,1;  15408,2;  15394,6;  15364,1;  15427,4;  15388,1;  15310,8;  15252,8;  15624,3;  15552,2;  15906,1;  15816,4;  16969,6;  16921,5;  16810,0;  16781,1;  17168,8;  17524,3;  18200,4;  19133,7;  19481,0;  20162,9;  19661,0;  21760,7;  21244,3;  22339,1;  23261,0;  24285,7;  25889,7;  26475,8;  26786,4;  27123,3;  27344,6;  27602,7;  27759,4;  27880,0;  28072,7;  28186,9;  28249,6;  28188,3;  28303,1;  28337,6;  28302,1;  28252,7;  28068,7;  28074,3;  27934,4;  27759,3;  27491,0;  27261,2;  26899,0;  26447,8;  25902,9;  25215,8;  24208,5;  23145,4;  21226,5;  20741,9;  20094,7;  19318,6;  20663,3;  19203,0;  19322,0;  18490,2;  18211,4;  18075,4;  18066,1;  18073,9;  18095,8;  18158,9;  18190,0;  18426,0;  18423,3;  18558,0;  18488,2;  18531,1;  18239,4;  17798,7;  17786,3;  17828,0;
Potencia total de compra sistema portugués (MW);   5620,8;   5473,4;   5332,6;   5230,8;   5152,6;   5058,1;   5022,2;   4943,2;   4876,7;   4797,8;   4756,2;   4721,4;   4667,2;   4618,7;   4620,0;   4565,2;   4548,4;   4535,3;   4515,0;   4493,0;   4483,7;   4471,4;   4481,2;   4468,7;   4514,9;   4550,8;   4573,1;   4639,5;   4959,0;   5097,1;   5220,5;   5275,6;   5390,9;   5495,6;   5751,2;   5901,8;   6199,9;   6287,3;   6386,7;   6406,9;   6535,9;   6543,3;   7379,4;   7502,2;   7101,3;   7251,9;   7067,9;   7184,2;   7199,5;   7263,6;   7250,8;   7232,5;   7163,7;   7056,2;   6991,1;   6954,2;   7018,1;   7001,9;   7110,2;   7072,9;   7266,2;   7296,5;   7329,6;   7312,8;   7310,6;   7330,2;   7327,6;   6909,5;   7138,2;   6988,1;   7037,5;   6182,2;   6517,6;   6148,2;   6186,3;   6332,9;   6347,8;   6377,2;   6483,5;   6569,0;   6596,1;   6716,2;   6792,8;   6894,3;   6891,7;   6821,7;   6716,3;   6670,1;   6550,3;   6489,3;   6385,1;   6256,3;   6240,9;   6122,1;   5995,6;   5894,3;
Potencia total de venta sistema portugués (MW);   3828,3;   3769,2;   3409,2;   3236,0;   3170,8;   3152,8;   3100,5;   2899,0;   2693,0;   2677,8;   2603,7;   2509,1;   2477,2;   2424,8;   2421,6;   2383,0;   2112,0;   2101,4;   2153,2;   2209,8;   2072,9;   2220,5;   2443,7;   2730,3;   2035,1;   2527,4;   2831,1;   3349,7;   3950,4;   4738,9;   5248,7;   5566,0;   5824,3;   5733,0;   5107,3;   4133,3;   4848,4;   3961,9;   3561,0;   2729,6;   2679,2;   2698,0;   2904,3;   3003,6;   3713,0;   3778,1;   3892,9;   3958,8;   3607,2;   3652,0;   3723,1;   3775,6;   3699,7;   3699,3;   3718,6;   3724,8;   3719,9;   3737,1;   3745,0;   3746,2;   3798,3;   3791,7;   3790,4;   3775,6;   3782,3;   3739,9;   3718,3;   3647,7;   3967,5;   3973,3;   3922,9;   3815,3;   3179,9;   3161,7;   3604,4;   4594,1;   3230,4;   4655,9;   5186,1;   6125,7;   6424,7;   6876,2;   7135,0;   7167,0;   7323,7;   7044,5;   6673,8;   5969,0;   6334,1;   5694,6;   5297,7;   4634,0;   4630,0;   4524,7;   4172,1;   3872,4;
Potencia total del mercado Ibérico (MW);  21935,6;  21733,0;  21356,4;  21069,4;  20785,1;  20578,7;  20366,0;  20139,5;  19744,5;  19542,7;  19440,1;  19325,2;  19168,9;  19090,7;  19066,6;  18999,2;  18826,1;  18809,6;  18847,8;  18873,9;  18800,3;  18908,6;  19054,5;  19283,1;  19959,4;  20379,6;  21037,2;  21466,1;  23220,0;  23960,4;  24358,7;  24647,1;  25293,1;  25557,3;  25607,7;  25567,0;  26629,4;  26424,8;  25522,0;  26790,3;  26223,5;  27209,2;  28025,3;  29308,6;  30362,4;  31086,1;  30528,5;  31232,0;  31554,0;  32014,3;  32302,7;  32841,0;  31581,3;  31834,0;  32063,3;  32251,5;  31497,7;  31468,1;  31448,7;  31039,7;  31500,8;  30790,9;  30681,3;  30734,0;  31508,6;  30823,9;  30563,8;  30188,6;  31346,7;  30735,8;  29965,7;  28705,7;  26706,4;  26203,6;  25999,1;  26212,7;  26193,7;  26158,9;  26808,1;  26915,9;  26936,1;  27251,6;  27501,1;  27540,9;  27719,5;  27503,4;  27163,8;  26695,0;  26057,4;  25552,6;  25085,9;  24465,1;  24169,4;  23623,4;  23258,4;  23000,4;
Potencia total con bilaterales del mercado Ibérico (MW);  34727,7;  34385,4;  33796,1;  33323,8;  32803,8;  32404,0;  32044,9;  31689,1;  31141,3;  30813,3;  30637,5;  30459,0;  30238,7;  30087,8;  30011,6;  29893,4;  29723,0;  29672,7;  29706,0;  29748,3;  29736,5;  29895,3;  30148,4;  30535,6;  31835,2;  32486,8;  33402,0;  34154,5;  36530,0;  37656,8;  38311,4;  38763,4;  39521,8;  40091,1;  40425,4;  40690,8;  41126,4;  41414,6;  41089,2;  41568,5;  41946,0;  42116,1;  43190,3;  44676,1;  43836,1;  44683,4;  44189,4;  44962,8;  45260,0;  45814,8;  46162,3;  46743,4;  45474,9;  45702,5;  45922,4;  46062,2;  45310,3;  45250,7;  45193,3;  44721,7;  45080,1;  44303,9;  44122,1;  44078,1;  44701,3;  43922,9;  43546,2;  43061,0;  44291,3;  43526,0;  42539,0;  41025,5;  40985,0;  40079,8;  40032,2;  40508,5;  41001,3;  41531,2;  42183,7;  42443,8;  43007,3;  43608,3;  43998,1;  44065,5;  44226,7;  43953,4;  43420,8;  42649,8;  41532,2;  40769,0;  40031,1;  39146,0;  38259,8;  37448,3;  36832,5;  36340,2;
Importación de España desde Portugal (MW);      0,0;      0,0;      0,0;      0,0;      0,0;      0,0;      0,0;      0,0;      0,0;      0,0;      0,0;      0,0;      0,0;      0,0;      0,0;      0,0;      0,0;      0,0;      0,0;      0,0;      0,0;      0,0;      0,0;      0,0;      0,0;      0,0;      0,0;      0,0;      0,0;      0,0;     28,2;    290,4;    433,4;    237,4;      0,0;      0,0;      0,0;      0,0;      0,0;      0,0;      0,0;      0,0;      0,0;      0,0;      0,0;      0,0;      0,0;      0,0;      0,0;      0,0;      0,0;      0,0;      0,0;      0,0;      0,0;      0,0;      0,0;      0,0;      0,0;      0,0;      0,0;      0,0;      0,0;      0,0;      0,0;      0,0;      0,0;      0,0;      0,0;      0,0;      0,0;      0,0;      0,0;      0,0;      0,0;      0,0;      0,0;      0,0;      0,0;      0,0;      0,0;    160,0;    342,2;    272,7;    432,0;    222,8;      0,0;      0,0;      0,0;      0,0;      0,0;      0,0;      0,0;      0,0;      0,0;      0,0;
Exportación de España a Portugal (MW);   1792,5;   1704,2;   1923,4;   1994,8;   1981,8;   1905,3;   1921,7;   2044,2;   2183,7;   2120,0;   2152,5;   2212,3;   2190,0;   2193,9;   2198,4;   2182,2;   2436,4;   2433,9;   2361,8;   2283,2;   2410,8;   2250,9;   2037,5;   1738,4;   2479,8;   2023,4;   1742,0;   1289,8;   1008,6;    358,2;      0,0;      0,0;      0,0;      0,0;    643,9;   1768,5;   1351,5;   2325,4;   2825,7;   3677,3;   3856,7;   3845,3;   4475,1;   4498,6;   3388,3;   3473,8;   3175,0;   3225,4;   3592,3;   3611,6;   3527,7;   3456,9;   3464,0;   3356,9;   3272,5;   3229,4;   3298,2;   3264,8;   3365,2;   3326,7;   3467,9;   3504,8;   3539,2;   3537,2;   3528,3;   3590,3;   3609,3;   3261,8;   3170,7;   3014,8;   3114,6;   2366,9;   3337,7;   2986,5;   2581,9;   1738,8;   3117,4;   1721,3;   1297,4;    443,3;    171,4;      0,0;      0,0;      0,0;      0,0;      0,0;     42,5;    701,1;    216,2;    794,7;   1087,4;   1622,3;   1610,9;   1597,4;   1823,5;   2021,9;
;;;;;;;;;;;;;;;;;;;;;;;;;;;;;;;;;;;;;;;;;;;;;;;;;;;;;;;;;;;;;;;;;;;;;;;;;;;;;;;;;;;;;;;;;;;;;;;;;
