OMIE - Mercado de electricidad;Fecha Emisión :26/01/2026 - 12:35;;02/10/2025;Precio del mercado diario (EUR/MWh);;;;

;H1Q1;H1Q2;H1Q3;H1Q4;H2Q1;H2Q2;H2Q3;H2Q4;H3Q1;H3Q2;H3Q3;H3Q4;H4Q1;H4Q2;H4Q3;H4Q4;H5Q1;H5Q2;H5Q3;H5Q4;H6Q1;H6Q2;H6Q3;H6Q4;H7Q1;H7Q2;H7Q3;H7Q4;H8Q1;H8Q2;H8Q3;H8Q4;H9Q1;H9Q2;H9Q3;H9Q4;H10Q1;H10Q2;H10Q3;H10Q4;H11Q1;H11Q2;H11Q3;H11Q4;H12Q1;H12Q2;H12Q3;H12Q4;H13Q1;H13Q2;H13Q3;H13Q4;H14Q1;H14Q2;H14Q3;H14Q4;H15Q1;H15Q2;H15Q3;H15Q4;H16Q1;H16Q2;H16Q3;H16Q4;H17Q1;H17Q2;H17Q3;H17Q4;H18Q1;H18Q2;H18Q3;H18Q4;H19Q1;H19Q2;H19Q3;H19Q4;H20Q1;H20Q2;H20Q3;H20Q4;H21Q1;H21Q2;H21Q3;H21Q4;H22Q1;H22Q2;H22Q3;H22Q4;H23Q1;H23Q2;H23Q3;H23Q4;H24Q1;H24Q2;H24Q3;H24Q4;
Precio marginal en el sistema español (EUR/MWh);   105,68;   105,01;   103,33;   103,33;   102,28;   100,00;    99,00;    98,70;    95,00;    95,00;    95,00;    95,00;    95,50;    96,99;    97,10;    98,70;    98,70;    99,00;   100,30;   103,29;   103,29;   103,71;   105,68;   107,38;   103,26;   103,50;   105,19;   110,00;   110,41;   119,87;   125,85;   129,55;   153,01;   140,11;   121,06;   110,41;   119,87;   103,36;    92,29;    58,94;    84,50;    60,20;    55,56;    36,20;    44,10;    37,22;    33,32;    22,50;    28,05;    20,70;    22,50;    17,15;    20,16;    19,00;    16,46;    15,06;    15,59;    16,46;    16,79;    16,79;    15,00;    16,46;    16,00;    18,91;    20,70;    29,90;    30,09;    46,89;    25,10;    40,59;    55,52;    61,33;    47,16;    67,40;   101,68;   104,48;    90,00;   103,36;   110,41;   123,90;   170,51;   201,52;   220,00;   225,00;   180,00;   173,66;   147,30;   125,00;   128,81;   121,00;   115,44;   109,91;   106,57;   105,10;   103,84;   103,27;
Precio marginal en el sistema portugués (EUR/MWh);   105,68;   105,01;   103,33;   103,33;   102,28;   100,00;    99,00;    98,70;    95,00;    95,00;    95,00;    95,00;    95,50;    96,99;    97,10;    98,70;    98,70;    99,00;   100,30;   103,29;   103,29;   103,71;   105,68;   107,38;   103,26;   103,50;   105,19;   110,00;   110,41;   119,87;   125,85;   129,55;   153,01;   140,11;   121,06;   110,41;   119,87;   103,36;    92,29;    58,94;    84,50;    60,20;    55,56;    36,20;    44,10;    37,22;    33,32;    22,50;    28,05;    22,50;    22,50;    17,15;    20,16;    19,00;    16,46;    15,06;    15,59;    16,46;    22,50;    22,50;    15,00;    16,46;    16,00;    18,91;    20,70;    29,90;    30,09;    46,89;    25,10;    40,59;    55,52;    61,33;    47,16;    67,40;   101,68;   104,48;    90,00;   103,36;   110,41;   123,90;   170,51;   201,52;   220,00;   225,00;   180,00;   173,66;   147,30;   125,00;   128,81;   121,00;   115,44;   109,91;   106,57;   105,10;   103,84;   103,27;
Potencia total de compra sistema español (MW);  16571,3;  16226,4;  15912,6;  15666,0;  15449,5;  15291,6;  15223,0;  15147,3;  14963,3;  14858,1;  14785,5;  14760,7;  14634,8;  14621,1;  14572,9;  14503,8;  14397,3;  14352,5;  14367,7;  14575,6;  14535,1;  14682,4;  14954,3;  15332,2;  15972,6;  16406,8;  17085,1;  17795,9;  18978,3;  19497,2;  19917,9;  19999,4;  20397,4;  20648,1;  20896,9;  20983,9;  20921,2;  20433,7;  19788,0;  19858,4;  21064,4;  22265,8;  23431,0;  24459,0;  24164,2;  24223,1;  24431,0;  24654,4;  24086,2;  24281,9;  24231,2;  24495,5;  24306,8;  24433,6;  24808,1;  24881,4;  24554,7;  24309,7;  23955,8;  23666,2;  24146,1;  23812,3;  24018,8;  23401,7;  23508,9;  23301,0;  23621,6;  22612,1;  23889,3;  23777,7;  22768,4;  21687,9;  22447,3;  20458,2;  18849,9;  19879,8;  20396,8;  20752,1;  21308,3;  21611,2;  22115,0;  22413,0;  22378,3;  22252,2;  21874,5;  21789,8;  21564,2;  21281,1;  19996,9;  19708,9;  19382,6;  18961,9;  18533,1;  18114,8;  17740,6;  17415,7;
Potencia total de venta sistema español (MW);  17369,5;  17246,9;  17039,5;  16938,4;  16814,9;  16630,1;  16526,1;  16406,1;  16143,5;  15981,8;  15886,3;  15828,0;  15654,0;  15616,7;  15548,0;  15458,5;  15366,1;  15303,3;  15291,8;  15283,2;  15178,4;  15074,6;  15019,6;  15076,5;  15168,0;  15139,0;  15453,4;  15630,4;  16419,7;  16539,8;  16647,9;  16608,2;  17185,7;  17580,3;  18267,8;  19129,4;  20433,5;  21091,2;  20602,6;  22027,6;  22489,6;  23919,5;  25152,1;  26123,5;  26722,9;  27119,6;  27474,8;  27727,9;  28002,9;  28162,7;  28274,0;  28313,1;  28415,1;  28432,6;  28409,0;  28369,9;  28327,2;  28197,7;  28131,1;  28061,3;  27895,0;  27924,5;  27828,8;  27651,4;  27563,1;  27383,3;  27105,2;  26870,4;  26388,0;  25871,4;  24901,4;  24158,3;  24008,1;  22588,6;  20034,6;  21361,6;  21533,0;  21227,7;  20771,8;  20151,6;  19131,4;  19404,2;  19424,7;  19385,8;  19117,0;  18991,3;  18772,4;  18742,9;  18681,6;  18682,9;  18612,4;  18453,3;  18315,1;  18189,9;  17967,3;  17682,8;
Potencia total de compra sistema portugués (MW);   5657,5;   5516,5;   5385,4;   5283,5;   5185,3;   5105,3;   5051,7;   4990,5;   4895,9;   4822,1;   4779,6;   4726,6;   4660,0;   4628,1;   4599,3;   4569,8;   4548,9;   4523,4;   4504,4;   4498,7;   4486,2;   4461,7;   4476,6;   4479,1;   4542,7;   4564,3;   4602,3;   4695,9;   4985,2;   5100,5;   5213,2;   5318,8;   5403,0;   5602,8;   5751,8;   5887,2;   6221,0;   6270,8;   6382,4;   6620,3;   6365,4;   6572,8;   6559,6;   6525,7;   6867,8;   6841,5;   6820,9;   7026,1;   6916,7;   7231,4;   7074,8;   7322,9;   7382,0;   7291,7;   7245,6;   7219,8;   7176,3;   7143,7;   7459,4;   7445,8;   7579,6;   7634,1;   7654,6;   7626,5;   7590,0;   7266,2;   7262,4;   7207,0;   6745,8;   6722,0;   6687,8;   6534,1;   6599,6;   6206,5;   6235,1;   6337,5;   6304,3;   6376,2;   6484,4;   6617,6;   6713,3;   6808,6;   6896,2;   6972,5;   7046,5;   7003,5;   6904,9;   6803,2;   6736,5;   6626,0;   6523,2;   6375,5;   6201,0;   6119,4;   5962,3;   5806,8;
Potencia total de venta sistema portugués (MW);   3559,3;   3196,0;   2958,5;   2711,1;   2519,9;   2466,8;   2448,6;   2431,7;   2415,7;   2398,4;   2378,8;   2359,3;   2340,8;   2332,5;   2324,2;   2315,1;   2280,1;   2272,6;   2280,3;   2491,1;   2542,9;   2769,5;   3111,3;   3434,8;   3047,3;   3532,1;   3934,0;   4561,4;   5243,8;   5757,9;   6183,2;   6410,0;   6671,5;   6626,0;   6080,9;   5441,7;   5584,9;   3744,0;   3270,1;   2161,1;   2816,7;   2619,1;   2764,4;   2909,4;   2959,1;   3073,6;   3174,6;   3225,0;   3283,9;   3316,4;   3363,4;   3410,6;   3502,6;   3547,4;   3555,5;   3555,4;   3553,6;   3551,8;   3544,4;   3530,8;   3502,5;   3480,5;   3455,9;   3418,1;   3367,3;   3452,8;   3395,4;   3359,1;   3256,0;   3416,4;   3317,4;   3233,7;   3042,1;   2902,4;   3694,8;   4335,9;   3672,9;   4398,8;   5948,9;   6646,3;   7396,9;   7517,4;   7549,8;   7538,9;   7504,0;   7502,0;   7396,7;   7041,4;   6751,8;   6352,0;   5993,4;   5584,1;   5119,0;   4744,3;   4435,6;   4239,7;
Potencia total del mercado Ibérico (MW);  22228,8;  21742,9;  21298,0;  20949,5;  20634,8;  20396,9;  20274,7;  20137,8;  19859,2;  19680,2;  19565,1;  19487,3;  19294,8;  19249,2;  19172,2;  19073,6;  18946,2;  18875,9;  18872,1;  19074,3;  19021,3;  19144,1;  19430,9;  19811,3;  20515,3;  20971,1;  21687,4;  22491,8;  23963,5;  24597,7;  25131,1;  25318,2;  25800,4;  26250,9;  26648,7;  26871,1;  27142,2;  26704,5;  26170,4;  26478,7;  27429,8;  28838,6;  29990,6;  30984,7;  31032,0;  31064,6;  31251,9;  31680,5;  31002,9;  31513,3;  31306,0;  31818,4;  31688,8;  31725,3;  32053,7;  32101,2;  31731,0;  31453,4;  31415,2;  31112,0;  31725,7;  31446,4;  31673,4;  31028,2;  31098,9;  30567,2;  30884,0;  29819,1;  30635,1;  30499,7;  29456,2;  28222,0;  29046,9;  26664,7;  25085,0;  26217,3;  26701,1;  27128,3;  27792,7;  28228,8;  28828,3;  29221,6;  29274,5;  29224,7;  28921,0;  28793,3;  28469,1;  28084,3;  26733,4;  26334,9;  25905,8;  25337,4;  24734,1;  24234,2;  23702,9;  23222,5;
Potencia total con bilaterales del mercado Ibérico (MW);  35036,2;  34402,7;  33796,7;  33298,8;  32734,9;  32309,6;  32022,9;  31768,2;  31314,0;  31001,9;  30802,0;  30632,1;  30367,0;  30246,2;  30092,5;  29966,4;  29793,4;  29684,9;  29658,0;  29870,6;  29810,8;  29953,8;  30328,4;  30879,9;  32109,7;  32782,3;  33638,2;  34586,3;  36794,2;  37612,9;  38307,5;  38610,4;  39220,2;  39952,0;  40668,2;  41223,1;  41646,9;  41741,8;  41808,8;  42635,2;  42056,8;  42661,6;  44091,2;  45313,6;  45204,3;  45391,6;  45702,3;  46216,2;  45612,0;  46231,5;  46131,2;  46742,5;  46664,6;  46731,0;  47051,1;  47078,0;  46709,4;  46401,8;  46358,2;  46030,1;  46568,1;  46270,5;  46407,3;  45678,0;  45640,7;  45007,1;  45203,2;  44009,1;  44994,9;  44730,2;  43458,0;  41939,1;  43999,6;  41414,4;  40893,0;  41563,5;  42418,2;  42703,6;  43375,2;  43894,9;  44908,1;  45476,4;  45619,4;  45597,2;  45276,2;  45124,4;  44648,9;  44064,3;  42354,9;  41637,2;  40889,2;  39988,4;  38734,0;  37932,4;  37118,3;  36381,6;
Importación de España desde Portugal (MW);      0,0;      0,0;      0,0;      0,0;      0,0;      0,0;      0,0;      0,0;      0,0;      0,0;      0,0;      0,0;      0,0;      0,0;      0,0;      0,0;      0,0;      0,0;      0,0;      0,0;      0,0;      0,0;      0,0;      0,0;      0,0;      0,0;      0,0;      0,0;    258,6;    657,4;    970,0;   1091,2;   1268,5;   1023,2;    329,1;      0,0;      0,0;      0,0;      0,0;      0,0;      0,0;      0,0;      0,0;      0,0;      0,0;      0,0;      0,0;      0,0;      0,0;      0,0;      0,0;      0,0;      0,0;      0,0;      0,0;      0,0;      0,0;      0,0;      0,0;      0,0;      0,0;      0,0;      0,0;      0,0;      0,0;      0,0;      0,0;      0,0;      0,0;      0,0;      0,0;      0,0;      0,0;      0,0;      0,0;      0,0;      0,0;      0,0;      0,0;     28,7;    683,6;    708,8;    653,6;    566,4;    457,5;    498,5;    491,8;    238,2;     15,3;      0,0;      0,0;      0,0;      0,0;      0,0;      0,0;      0,0;
Exportación de España a Portugal (MW);   2098,2;   2320,5;   2426,9;   2572,4;   2665,4;   2638,5;   2603,1;   2558,8;   2480,2;   2423,7;   2400,8;   2367,3;   2319,2;   2295,6;   2275,1;   2254,7;   2268,8;   2250,8;   2224,1;   2007,6;   1943,3;   1692,2;   1365,3;   1044,3;   1495,4;   1032,2;    668,3;    134,5;      0,0;      0,0;      0,0;      0,0;      0,0;      0,0;      0,0;    445,5;    636,1;   2526,8;   3112,3;   4459,2;   3548,7;   3953,7;   3795,2;   3616,3;   3908,7;   3767,9;   3646,3;   3801,1;   3632,8;   3915,0;   3711,4;   3912,3;   3879,4;   3744,3;   3690,1;   3664,4;   3622,7;   3591,9;   3915,0;   3915,0;   4077,1;   4153,6;   4198,7;   4208,4;   4222,7;   3813,4;   3867,0;   3847,9;   3489,8;   3305,6;   3370,4;   3300,4;   3557,5;   3304,1;   2540,3;   2001,6;   2631,4;   1977,4;    535,5;      0,0;      0,0;      0,0;      0,0;      0,0;      0,0;      0,0;      0,0;      0,0;      0,0;    274,0;    529,8;    791,4;   1082,0;   1375,1;   1526,7;   1567,1;
;;;;;;;;;;;;;;;;;;;;;;;;;;;;;;;;;;;;;;;;;;;;;;;;;;;;;;;;;;;;;;;;;;;;;;;;;;;;;;;;;;;;;;;;;;;;;;;;;
