OMIE - Mercado de electricidad;Fecha Emisión :26/01/2026 - 12:35;;01/10/2025;Precio del mercado diario (EUR/MWh);;;;

;H1Q1;H1Q2;H1Q3;H1Q4;H2Q1;H2Q2;H2Q3;H2Q4;H3Q1;H3Q2;H3Q3;H3Q4;H4Q1;H4Q2;H4Q3;H4Q4;H5Q1;H5Q2;H5Q3;H5Q4;H6Q1;H6Q2;H6Q3;H6Q4;H7Q1;H7Q2;H7Q3;H7Q4;H8Q1;H8Q2;H8Q3;H8Q4;H9Q1;H9Q2;H9Q3;H9Q4;H10Q1;H10Q2;H10Q3;H10Q4;H11Q1;H11Q2;H11Q3;H11Q4;H12Q1;H12Q2;H12Q3;H12Q4;H13Q1;H13Q2;H13Q3;H13Q4;H14Q1;H14Q2;H14Q3;H14Q4;H15Q1;H15Q2;H15Q3;H15Q4;H16Q1;H16Q2;H16Q3;H16Q4;H17Q1;H17Q2;H17Q3;H17Q4;H18Q1;H18Q2;H18Q3;H18Q4;H19Q1;H19Q2;H19Q3;H19Q4;H20Q1;H20Q2;H20Q3;H20Q4;H21Q1;H21Q2;H21Q3;H21Q4;H22Q1;H22Q2;H22Q3;H22Q4;H23Q1;H23Q2;H23Q3;H23Q4;H24Q1;H24Q2;H24Q3;H24Q4;
Precio marginal en el sistema español (EUR/MWh);   105,10;   104,24;   102,28;   102,00;   106,63;   105,68;   105,19;   105,01;   104,21;   102,00;   100,00;   100,00;    97,57;    97,51;    97,51;    97,91;    98,50;   100,00;   102,28;   105,00;   101,08;   101,28;   101,76;   102,24;   101,76;   102,24;   104,24;   105,68;   106,55;   110,41;   114,15;   122,58;   140,78;   130,56;   115,17;   106,63;   125,50;   105,01;    92,24;    60,00;   100,24;    65,00;    58,81;    45,00;    59,07;    44,20;    35,87;    24,97;    26,76;    22,50;    23,92;    22,50;    16,99;    16,68;    15,98;    15,45;     6,67;    15,31;    16,35;    17,76;    16,68;    18,94;    16,79;    24,57;    19,00;    26,56;    43,78;    58,55;    25,10;    50,00;    60,00;    77,67;    59,07;    75,01;   101,52;   110,69;   105,68;   112,21;   148,01;   134,33;   194,14;   217,45;   230,00;   230,00;   150,00;   130,00;   123,90;   113,75;   114,01;   109,00;   106,63;   104,24;   105,68;   104,21;   102,00;   101,52;
Precio marginal en el sistema portugués (EUR/MWh);   105,10;   104,24;   102,28;   102,00;   106,63;   105,68;   105,19;   105,01;   104,21;   102,00;   100,00;   100,00;    97,57;    97,51;    97,51;    97,91;    98,50;   100,00;   102,28;   105,00;   101,08;   101,28;   101,76;   102,24;   101,76;   102,24;   104,24;   105,68;   106,55;   110,41;   114,15;   122,58;   140,78;   130,56;   115,17;   106,63;   125,50;   105,01;    92,24;    60,87;   100,24;    65,00;    58,81;    45,00;    59,07;    44,20;    35,87;    24,97;    26,76;    22,50;    23,92;    22,50;    16,99;    16,68;    15,98;    15,45;     6,67;    15,31;    16,35;    17,76;    16,68;    18,94;    16,79;    24,57;    19,00;    26,56;    43,78;    58,55;    25,10;    50,00;    60,00;    77,67;    60,00;    75,01;   101,52;   110,69;   105,68;   112,21;   148,01;   134,33;   194,14;   217,45;   230,00;   230,00;   150,00;   130,00;   123,90;   113,75;   114,01;   109,00;   106,63;   104,24;   105,68;   104,21;   102,00;   101,52;
Potencia total de compra sistema español (MW);  16095,8;  15882,8;  15653,2;  15424,4;  15299,1;  15094,1;  14927,8;  14795,7;  14347,6;  14188,7;  14111,0;  14044,4;  13979,3;  13922,4;  13875,5;  13823,2;  13792,4;  13788,1;  13839,7;  13953,7;  14071,8;  14203,3;  14370,8;  14803,3;  15405,2;  15736,8;  16205,6;  16829,8;  17691,2;  18434,2;  18928,1;  19312,7;  19868,6;  20212,1;  19843,6;  19704,0;  20585,9;  20207,2;  19178,1;  18982,5;  21073,0;  21580,4;  21608,5;  22544,0;  21584,3;  23134,7;  23592,4;  24025,2;  24111,1;  24194,4;  24185,5;  24310,5;  24404,5;  24624,1;  24966,4;  24841,1;  24612,5;  24471,3;  24378,0;  23689,6;  23541,9;  23276,3;  23397,1;  23354,7;  23242,3;  23132,4;  22550,9;  21534,2;  22984,8;  21866,5;  21090,8;  20924,3;  19129,9;  18682,8;  19141,1;  19561,4;  19171,1;  19488,0;  19899,9;  20788,8;  21535,5;  21626,0;  21666,2;  21566,4;  21964,2;  21897,5;  21581,9;  20960,2;  20077,2;  19441,4;  18837,3;  18358,3;  17899,1;  17456,3;  17009,7;  16610,9;
Potencia total de venta sistema español (MW);  16743,2;  16677,6;  16744,0;  16513,7;  15790,2;  15840,4;  15847,1;  15809,5;  15351,4;  15340,8;  15275,9;  15220,1;  15081,7;  15011,8;  14937,2;  14845,7;  14792,9;  14762,7;  14702,5;  14617,4;  14660,2;  14736,8;  14898,8;  15249,8;  14896,2;  15169,8;  15288,8;  15403,9;  15879,0;  16371,9;  16640,8;  16694,5;  16911,0;  17356,7;  18129,7;  18433,0;  18527,4;  19516,0;  20005,9;  21495,4;  22767,0;  23403,8;  24917,4;  25996,7;  26185,9;  26607,9;  26925,8;  27180,3;  27374,4;  27474,4;  27517,0;  27520,2;  27323,6;  27305,8;  27252,3;  27177,6;  27047,7;  27006,1;  26933,0;  26778,6;  26687,9;  26575,0;  26420,8;  26472,1;  26168,6;  26181,4;  25770,7;  25346,2;  25438,6;  24787,0;  23513,9;  23003,4;  22312,8;  21105,6;  20102,2;  19629,5;  20067,3;  19537,6;  18943,0;  20054,5;  20029,4;  20168,8;  20193,8;  20234,8;  19672,8;  19669,2;  19744,5;  19615,8;  19663,9;  19495,4;  19238,5;  19285,4;  18410,6;  18395,9;  18254,2;  17886,6;
Potencia total de compra sistema portugués (MW);   5660,3;   5530,5;   5393,0;   5296,6;   5216,9;   5122,2;   5056,7;   4991,3;   4896,5;   4846,0;   4790,9;   4750,7;   4673,4;   4636,6;   4611,1;   4588,8;   4567,2;   4537,2;   4533,4;   4528,6;   4505,8;   4494,9;   4499,5;   4502,7;   4532,4;   4560,2;   4601,9;   4676,2;   4885,2;   4985,6;   5101,3;   5226,4;   5413,9;   5516,4;   5631,7;   5763,6;   6172,9;   6222,5;   6282,6;   7193,6;   6404,0;   6432,5;   7289,7;   7247,5;   7178,6;   7158,7;   7164,5;   7115,9;   7167,6;   7639,1;   7375,3;   7477,3;   7736,4;   7665,2;   7595,0;   7594,8;   7572,6;   7570,0;   7631,9;   7640,7;   7743,4;   7772,0;   7777,8;   7401,4;   7772,3;   7414,1;   7435,4;   7239,1;   7435,5;   7495,3;   7347,4;   6371,4;   7207,0;   6240,6;   6334,9;   6394,3;   6298,3;   6377,5;   6490,1;   6620,7;   6754,8;   6842,3;   6842,7;   7000,7;   7151,1;   7081,5;   6985,7;   6888,5;   6794,6;   6691,3;   6557,9;   6416,5;   6334,2;   6197,1;   6068,6;   5882,9;
Potencia total de venta sistema portugués (MW);   3712,9;   3435,7;   3002,2;   2907,3;   3425,8;   3075,9;   2837,4;   2677,5;   2592,7;   2393,9;   2326,0;   2275,0;   2271,0;   2247,2;   2249,4;   2266,3;   2266,7;   2262,6;   2370,6;   2564,9;   2617,4;   2661,4;   2671,5;   2756,2;   2741,4;   2827,2;   3218,7;   3802,1;   4397,4;   4747,9;   5088,6;   5544,6;   6504,3;   6438,7;   5668,3;   4734,6;   6502,6;   4657,2;   3303,0;   2603,6;   3822,1;   3437,9;   3535,3;   3176,0;   3315,2;   3309,8;   3387,8;   3414,1;   3505,2;   3516,9;   3565,6;   3604,8;   3567,3;   3572,5;   3572,3;   3563,7;   3508,1;   3534,0;   3508,0;   3479,4;   3440,8;   3401,9;   3362,1;   3346,2;   3244,3;   3348,0;   3278,8;   3216,9;   3127,9;   3107,4;   3369,7;   3330,0;   2572,0;   2491,5;   3403,2;   5145,0;   3824,9;   5091,0;   5899,0;   5813,2;   5960,9;   5999,5;   6015,1;   6032,3;   7142,5;   7009,8;   6523,1;   5932,9;   5907,9;   5337,3;   4856,7;   4189,4;   4522,7;   3957,5;   3524,1;   3307,2;
Potencia total del mercado Ibérico (MW);  21756,1;  21413,3;  21046,2;  20721,0;  20516,0;  20216,3;  19984,5;  19787,0;  19244,1;  19034,7;  18901,9;  18795,1;  18652,7;  18559,0;  18486,6;  18412,0;  18359,6;  18325,3;  18373,1;  18482,3;  18577,6;  18698,2;  18870,3;  19306,0;  19937,6;  20297,0;  20807,5;  21506,0;  22576,4;  23419,8;  24029,4;  24539,1;  25282,5;  25728,5;  25475,3;  25467,6;  26758,8;  26429,7;  25460,7;  26176,1;  27477,0;  28012,9;  28898,2;  29791,5;  28762,9;  30293,4;  30756,9;  31141,1;  31278,7;  31833,5;  31560,8;  31787,8;  32140,9;  32289,3;  32561,4;  32435,9;  32185,1;  32041,3;  32009,9;  31330,3;  31285,3;  31048,3;  31174,9;  30756,1;  31014,6;  30546,5;  29986,3;  28773,3;  30420,3;  29361,8;  28438,2;  27295,7;  26336,9;  24923,4;  25476,0;  25955,7;  25469,4;  25865,5;  26390,0;  27409,5;  28290,3;  28468,3;  28508,9;  28567,1;  29115,3;  28979,0;  28567,6;  27848,7;  26871,8;  26132,7;  25395,2;  24774,8;  24233,3;  23653,4;  23078,3;  22493,8;
Potencia total con bilaterales del mercado Ibérico (MW);  34684,3;  34195,7;  33625,0;  33140,1;  32753,7;  32268,7;  31905,5;  31580,5;  30892,3;  30581,2;  30356,5;  30173,6;  29960,3;  29795,9;  29650,8;  29532,8;  29452,5;  29363,2;  29408,0;  29529,1;  29610,9;  29750,0;  30014,2;  30598,2;  31712,7;  32268,3;  33035,2;  33974,0;  35897,7;  36905,4;  37652,5;  38307,8;  39033,3;  39732,0;  39812,6;  40149,0;  41457,0;  41669,4;  41247,2;  42483,7;  41826,5;  42689,9;  43838,4;  44954,8;  43326,0;  45004,1;  45593,6;  46045,7;  46118,7;  46775,6;  46579,8;  46858,8;  47231,1;  47359,2;  47565,2;  47400,4;  47201,1;  47032,1;  46955,5;  46193,2;  46077,3;  45744,4;  45746,9;  45215,2;  45366,8;  44789,0;  44124,8;  42806,3;  45173,8;  44012,2;  42902,9;  41554,9;  42588,2;  40973,8;  41350,4;  41639,3;  41388,0;  41677,8;  42223,2;  43392,0;  44830,1;  45218,1;  45393,0;  45523,2;  46045,2;  45883,9;  45360,9;  44382,5;  42742,3;  41696,4;  40624,4;  39682,1;  38463,9;  37568,9;  36714,7;  35850,7;
Importación de España desde Portugal (MW);      0,0;      0,0;      0,0;      0,0;      0,0;      0,0;      0,0;      0,0;      0,0;      0,0;      0,0;      0,0;      0,0;      0,0;      0,0;      0,0;      0,0;      0,0;      0,0;      0,0;      0,0;      0,0;      0,0;      0,0;      0,0;      0,0;      0,0;      0,0;      0,0;      0,0;      0,0;    318,2;   1090,4;    922,3;     36,6;      0,0;    329,7;      0,0;      0,0;      0,0;      0,0;      0,0;      0,0;      0,0;      0,0;      0,0;      0,0;      0,0;      0,0;      0,0;      0,0;      0,0;      0,0;      0,0;      0,0;      0,0;      0,0;      0,0;      0,0;      0,0;      0,0;      0,0;      0,0;      0,0;      0,0;      0,0;      0,0;      0,0;      0,0;      0,0;      0,0;      0,0;      0,0;      0,0;      0,0;      0,0;      0,0;      0,0;      0,0;      0,0;      0,0;      0,0;      0,0;      0,0;      0,0;      0,0;      0,0;      0,0;      0,0;      0,0;      0,0;      0,0;      0,0;      0,0;      0,0;      0,0;
Exportación de España a Portugal (MW);   1947,4;   2094,8;   2390,8;   2389,3;   1791,1;   2046,3;   2219,3;   2313,8;   2303,8;   2452,1;   2464,9;   2475,7;   2402,4;   2389,4;   2361,7;   2322,5;   2300,5;   2274,6;   2162,8;   1963,7;   1888,4;   1833,5;   1828,0;   1746,5;   1791,0;   1733,0;   1383,2;    874,1;    487,8;    237,7;     12,7;      0,0;      0,0;      0,0;      0,0;   1029,0;      0,0;   1565,3;   2979,6;   4590,0;   2581,9;   2994,6;   3754,4;   4071,5;   3863,4;   3848,9;   3776,7;   3701,8;   3662,4;   4122,2;   3809,7;   3872,5;   4169,1;   4092,7;   4022,7;   4031,1;   4064,5;   4036,0;   4123,9;   4161,3;   4302,6;   4370,1;   4415,7;   4055,2;   4528,0;   4066,1;   4156,6;   4022,2;   4307,6;   4387,9;   3977,7;   3041,4;   4635,0;   3749,1;   2931,7;   1249,3;   2473,4;   1286,5;    591,1;    807,5;    793,9;    842,8;    827,6;    968,4;      8,6;     71,7;    462,6;    955,6;    886,7;   1354,0;   1701,2;   2227,1;   1811,5;   2239,6;   2544,5;   2575,7;
;;;;;;;;;;;;;;;;;;;;;;;;;;;;;;;;;;;;;;;;;;;;;;;;;;;;;;;;;;;;;;;;;;;;;;;;;;;;;;;;;;;;;;;;;;;;;;;;;
