OMIE - Mercado de electricidad;Fecha Emisión :23/04/2025 - 06:21;;05/04/2025;Precio del mercado diario (EUR/MWh);;;;

;1;2;3;4;5;6;7;8;9;10;11;12;13;14;15;16;17;18;19;20;21;22;23;24;
Precio marginal en el sistema español (EUR/MWh);    35,00;    19,97;    19,10;    19,34;    13,20;    16,40;    19,75;    20,30;    21,46;    10,00;     0,66;    -0,13;    -0,30;    -1,00;    -1,01;    -1,20;    -1,00;     0,10;    10,00;    46,49;    95,61;    95,61;    78,99;    68,75;
Precio marginal en el sistema portugués (EUR/MWh);    35,00;    19,97;    19,10;    19,34;    13,20;    16,40;    19,75;    20,30;    21,46;    10,00;     0,66;    -0,13;    -0,30;    -1,00;    -1,01;    -1,20;    -1,00;     0,10;    10,00;    46,49;    95,61;    95,61;    78,99;    68,75;
Energía total de compra sistema español (MWh);  17846,4;  17533,7;  16764,8;  16090,6;  15541,4;  15275,6;  16058,2;  16326,6;  17110,9;  18403,7;  19871,8;  20457,5;  20082,6;  20059,0;  19815,3;  18981,9;  18607,0;  19179,3;  18059,9;  18157,5;  19312,6;  20625,1;  19607,8;  18093,8;
Energía total de venta sistema español (MWh);  19587,5;  19431,5;  18826,6;  18479,4;  17950,2;  17928,3;  18180,2;  18484,7;  19510,8;  21848,1;  23162,5;  21491,9;  21644,5;  20542,6;  20110,8;  19556,5;  19146,7;  22303,8;  21436,6;  20641,7;  17539,3;  16467,0;  16642,8;  17410,4;
Energía total de compra sistema portugués (MWh);   5655,8;   5105,6;   4768,1;   4512,5;   4353,6;   4272,6;   4276,1;   4406,9;   4662,1;   4997,8;   6282,8;   6725,1;   6779,6;   6897,0;   6673,3;   6549,6;   6458,1;   6076,5;   5315,9;   5683,7;   6171,5;   6350,5;   6041,7;   5669,1;
Energía total de venta sistema portugués (MWh);   7521,7;   6814,8;   6313,3;   5730,7;   5305,3;   5126,8;   5761,1;   5994,8;   6008,2;   5299,4;   4201,0;   3765,5;   3837,7;   3592,4;   3556,8;   3475,0;   3418,4;   4164,9;   4639,2;   6628,1;   7162,0;   7224,6;   6615,5;   6509,6;
Energía total del mercado Ibérico (MWh);  23502,2;  22639,3;  21532,9;  20603,1;  19895,0;  19548,2;  20334,3;  20733,5;  21773,0;  23401,5;  26154,6;  27182,6;  26862,2;  26956,0;  26488,6;  25531,5;  25065,1;  25255,8;  23375,8;  23841,2;  25484,1;  26975,6;  25649,5;  23762,9;
Energía total con bilaterales del mercado Ibérico (MWh);  30295,6;  29019,4;  27636,4;  26549,9;  25746,2;  25411,3;  26398,3;  26983,8;  28433,8;  31100,4;  34252,8;  34716,8;  34556,5;  34686,5;  34085,0;  32974,6;  32371,7;  32236,1;  31137,8;  31346,3;  32696,5;  34389,2;  32685,7;  30352,9;
Importación de España desde Portugal (MWh);   1865,9;   1709,2;   1545,2;   1218,2;    951,7;    854,2;   1485,0;   1587,9;   1346,1;    301,6;      0,0;      0,0;      0,0;      0,0;      0,0;      0,0;      0,0;      0,0;      0,0;    944,4;    990,5;    874,1;    573,8;    840,5;
Exportación de España a Portugal (MWh);      0,0;      0,0;      0,0;      0,0;      0,0;      0,0;      0,0;      0,0;      0,0;      0,0;   2081,8;   2959,6;   2941,9;   3304,6;   3116,5;   3074,6;   3039,7;   1911,6;    676,7;      0,0;      0,0;      0,0;      0,0;      0,0;
;;;;;;;;;;;;;;;;;;;;;;;;;
