OMIE - Mercado de electricidad;Fecha Emisión :19/04/2025 - 17:12;;20/04/2025;Precio del mercado diario (EUR/MWh);;;;

;1;2;3;4;5;6;7;8;9;10;11;12;13;14;15;16;17;18;19;20;21;22;23;24;
Precio marginal en el sistema español (EUR/MWh);     3,52;     2,78;     2,10;     2,17;     3,00;     3,52;     3,52;     7,00;     3,52;     1,60;     0,00;    -0,02;    -0,99;    -4,00;    -4,99;    -4,20;    -1,54;    -1,54;    -0,30;     3,05;    35,99;    82,30;    80,50;    40,00;
Precio marginal en el sistema portugués (EUR/MWh);     3,52;     2,78;     2,10;     2,17;     3,00;     3,52;     3,52;     5,50;     3,52;     1,60;     0,00;    -0,02;    -0,99;    -4,00;    -4,99;    -4,20;    -1,54;    -1,54;    -0,30;     3,05;    10,24;    32,93;    41,27;    39,00;
Energía total de compra sistema español (MWh);  18357,4;  17208,7;  16235,1;  15705,4;  15526,2;  15547,3;  15623,3;  15726,2;  16401,8;  17879,4;  18444,2;  17923,2;  17823,9;  18832,5;  18732,0;  17483,1;  16630,4;  16340,9;  17735,3;  19241,5;  19651,7;  21227,9;  19847,4;  18081,5;
Energía total de venta sistema español (MWh);  17867,5;  17129,7;  16476,7;  15750,3;  15069,6;  14809,9;  15034,2;  15215,2;  16308,8;  19592,3;  20480,1;  20954,2;  20578,0;  18281,3;  17950,7;  18078,3;  20913,8;  20328,5;  21073,9;  20851,5;  20137,7;  20608,8;  20333,4;  18567,5;
Energía total de compra sistema portugués (MWh);   4767,6;   4573,8;   4428,3;   4205,3;   3499,5;   3410,4;   3423,5;   3467,9;   3518,7;   4327,5;   4816,3;   5304,6;   5790,1;   6488,3;   6332,1;   5968,4;   5740,6;   5278,7;   4952,7;   4437,6;   4912,4;   5392,8;   5339,5;   4924,5;
Energía total de venta sistema portugués (MWh);   7457,5;   6852,8;   6386,7;   6360,4;   6592,1;   6783,8;   6648,6;   6707,9;   6340,7;   5343,6;   4458,5;   4393,2;   4395,3;   4033,5;   4107,4;   4165,4;   4232,2;   4066,1;   4389,1;   6388,6;   7987,4;   8467,8;   8414,5;   7999,5;
Energía total del mercado Ibérico (MWh);  23125,0;  21782,5;  20663,4;  19910,7;  19025,7;  18957,7;  19046,8;  19194,1;  19920,5;  22206,9;  23260,5;  23227,8;  23614,0;  25320,8;  25064,1;  23451,5;  22371,0;  21619,6;  22688,0;  23679,1;  24564,1;  26620,7;  25186,9;  23006,0;
Energía total con bilaterales del mercado Ibérico (MWh);  26936,6;  25220,7;  23964,2;  23112,4;  22125,6;  22138,4;  22607,0;  23041,1;  24161,2;  26679,2;  28283,5;  28808,6;  29385,7;  31213,5;  30890,0;  29355,9;  28221,0;  27287,8;  27964,8;  28380,6;  29377,8;  31223,6;  29787,4;  27564,1;
Importación de España desde Portugal (MWh);   2689,9;   2279,0;   1958,4;   2155,1;   3092,6;   3373,4;   3225,1;   3240,0;   2822,0;   1016,1;      0,0;      0,0;      0,0;      0,0;      0,0;      0,0;      0,0;      0,0;      0,0;   1951,0;   3075,0;   3075,0;   3075,0;   3075,0;
Exportación de España a Portugal (MWh);      0,0;      0,0;      0,0;      0,0;      0,0;      0,0;      0,0;      0,0;      0,0;      0,0;    357,8;    911,4;   1394,8;   2454,8;   2224,7;   1803,0;   1508,4;   1212,6;    563,6;      0,0;      0,0;      0,0;      0,0;      0,0;
;;;;;;;;;;;;;;;;;;;;;;;;;
