OMIE - Mercado de electricidad;Fecha Emisión :11/04/2025 - 13:23;;12/04/2025;Precio del mercado diario (EUR/MWh);;;;

;1;2;3;4;5;6;7;8;9;10;11;12;13;14;15;16;17;18;19;20;21;22;23;24;
Precio marginal en el sistema español (EUR/MWh);    35,01;    29,24;    31,22;    29,24;    29,09;    30,38;    32,68;    29,24;    30,95;    33,00;    20,19;     8,01;     3,52;     1,80;     0,17;     0,01;     0,01;    18,08;    22,57;    33,84;    50,02;    79,00;    55,44;    45,59;
Precio marginal en el sistema portugués (EUR/MWh);    35,01;    29,24;    31,22;    29,24;    29,09;    30,38;    32,68;    29,24;    30,95;    33,00;    20,19;     8,01;     3,52;     1,80;     0,17;     0,01;     0,01;    18,08;    22,57;    33,84;    50,02;    79,00;    55,44;    45,59;
Energía total de compra sistema español (MWh);  17172,4;  16340,9;  15442,8;  15064,7;  14781,3;  14483,4;  14931,0;  16031,6;  16610,2;  17164,3;  18282,1;  19785,9;  19378,3;  19406,4;  19169,8;  18632,2;  18132,3;  16826,7;  16710,9;  17264,3;  15508,1;  16509,9;  15628,1;  14359,8;
Energía total de venta sistema español (MWh);  18606,0;  16170,5;  15536,5;  14776,1;  14509,9;  14298,5;  14939,5;  16055,8;  16645,1;  17913,3;  18063,5;  19486,9;  20303,2;  20277,0;  19722,7;  19461,1;  18835,4;  19296,6;  19465,8;  17758,3;  13614,7;  12919,9;  12858,3;  12865,3;
Energía total de compra sistema portugués (MWh);   5413,3;   4934,7;   4592,7;   4345,8;   4229,6;   4136,4;   4166,7;   4349,5;   4559,6;   4910,4;   5179,3;   6461,0;   6608,8;   6623,5;   6410,1;   6304,3;   6204,4;   4935,6;   4986,3;   5359,8;   5833,7;   6015,6;   5740,5;   5464,8;
Energía total de venta sistema portugués (MWh);   5658,0;   4972,9;   4838,5;   3842,1;   3530,3;   3702,3;   4165,3;   4845,8;   5421,1;   5768,7;   4463,6;   4410,0;   3333,9;   3402,9;   3507,2;   3325,4;   3351,3;   4091,1;   4919,5;   6119,9;   6055,2;   7155,6;   6060,3;   5514,5;
Energía total del mercado Ibérico (MWh);  22585,7;  21275,6;  20035,5;  19410,5;  19010,9;  18619,8;  19097,7;  20381,1;  21169,8;  22074,7;  23461,4;  26246,9;  25987,1;  26029,9;  25579,9;  24936,5;  24336,7;  21762,3;  21697,2;  22624,1;  21341,8;  22525,5;  21368,6;  19824,6;
Energía total con bilaterales del mercado Ibérico (MWh);  29179,4;  27447,9;  25896,1;  25070,8;  24550,8;  24183,0;  24868,8;  26386,3;  27523,4;  29362,0;  31401,5;  34012,8;  33942,6;  34131,4;  33511,5;  32702,3;  31885,7;  29261,1;  29108,6;  29744,0;  31386,9;  32758,6;  31216,2;  29004,2;
Importación de España desde Portugal (MWh);    244,7;     38,2;    245,8;      0,0;      0,0;      0,0;      0,0;    496,3;    861,5;    858,3;      0,0;      0,0;      0,0;      0,0;      0,0;      0,0;      0,0;      0,0;      0,0;    760,1;    221,5;   1140,0;    319,8;     49,7;
Exportación de España a Portugal (MWh);      0,0;      0,0;      0,0;    503,7;    699,3;    434,1;      1,4;      0,0;      0,0;      0,0;    715,7;   2051,0;   3274,9;   3220,6;   2902,9;   2978,9;   2853,1;    844,5;     66,8;      0,0;      0,0;      0,0;      0,0;      0,0;
;;;;;;;;;;;;;;;;;;;;;;;;;
