OMIE - Mercado de electricidad;Fecha Emisión :03/04/2025 - 13:56;;04/04/2025;Precio del mercado diario (EUR/MWh);;;;

;1;2;3;4;5;6;7;8;9;10;11;12;13;14;15;16;17;18;19;20;21;22;23;24;
Precio marginal en el sistema español (EUR/MWh);     3,60;     3,52;     3,52;     3,51;     3,52;     3,52;     3,52;    35,00;    35,01;    18,83;     4,73;     3,52;     0,00;    -0,01;    -0,02;    -0,01;     0,00;     0,01;     0,65;     6,30;    35,01;    50,02;    35,01;    20,91;
Precio marginal en el sistema portugués (EUR/MWh);     3,60;     3,52;     3,52;     3,51;     3,52;     3,52;     3,52;    14,16;    17,72;    18,83;     4,73;     3,52;     0,00;    -0,01;    -0,02;    -0,01;     0,00;     0,01;     0,65;     6,30;    35,01;    50,02;    35,01;    20,91;
Energía total de compra sistema español (MWh);  18767,4;  17395,3;  16418,3;  16127,7;  16103,0;  16714,5;  18550,1;  20896,9;  22404,3;  23047,7;  22171,0;  22940,3;  24254,5;  23680,7;  22950,9;  21713,6;  21438,9;  21908,7;  20728,2;  22092,4;  22141,5;  22821,5;  20926,1;  19666,7;
Energía total de venta sistema español (MWh);  21320,7;  19581,6;  18466,7;  18172,8;  17761,2;  17988,4;  18934,2;  21030,9;  22538,3;  23430,3;  24332,9;  25305,0;  22913,4;  22452,9;  22836,8;  23927,3;  23553,7;  25679,5;  23942,9;  23936,8;  22808,1;  21967,5;  21769,4;  20694,6;
Energía total de compra sistema portugués (MWh);   6106,6;   5763,4;   5370,8;   5265,9;   5033,3;   4771,9;   4668,8;   5109,5;   5686,0;   6444,8;   6723,8;   7045,0;   7820,3;   7845,2;   7694,5;   7545,1;   7519,4;   7588,1;   6917,9;   6698,5;   7110,5;   7195,1;   6958,4;   6452,7;
Energía total de venta sistema portugués (MWh);   7253,3;   7277,1;   7022,4;   6920,8;   6936,1;   7059,0;   7568,7;   8259,5;   8836,0;   9346,2;   7845,9;   7871,3;   6662,2;   6656,8;   6688,4;   6702,4;   6647,8;   6916,3;   6802,2;   7953,1;   9542,9;   9524,3;   9214,1;   8523,8;
Energía total del mercado Ibérico (MWh);  24874,0;  23158,7;  21789,1;  21393,6;  21136,3;  21486,4;  23218,9;  26006,4;  28090,3;  29492,5;  28894,8;  29985,3;  32074,8;  31525,9;  30645,4;  29258,7;  28958,3;  29496,8;  27646,1;  28790,9;  29252,0;  30016,6;  27884,5;  26119,4;
Energía total con bilaterales del mercado Ibérico (MWh);  31780,6;  29879,5;  28290,4;  27730,8;  27423,2;  27791,0;  30244,5;  33810,6;  36413,8;  38435,6;  38050,0;  37853,2;  39771,3;  39504,1;  38786,1;  37413,0;  37153,0;  37499,4;  36932,6;  37608,5;  37607,3;  38390,4;  35691,0;  33315,5;
Importación de España desde Portugal (MWh);   1146,7;   1513,7;   1651,6;   1654,9;   1902,8;   2287,1;   2899,9;   3150,0;   3150,0;   2901,4;   1122,1;    826,3;      0,0;      0,0;      0,0;      0,0;      0,0;      0,0;      0,0;   1254,6;   2432,4;   2329,2;   2255,7;   2071,1;
Exportación de España a Portugal (MWh);      0,0;      0,0;      0,0;      0,0;      0,0;      0,0;      0,0;      0,0;      0,0;      0,0;      0,0;      0,0;   1158,1;   1188,4;   1006,1;    842,7;    871,6;    671,8;    115,7;      0,0;      0,0;      0,0;      0,0;      0,0;
;;;;;;;;;;;;;;;;;;;;;;;;;
