OMIE - Mercado de electricidad;Fecha Emisión :15/04/2025 - 13:42;;16/04/2025;Precio del mercado diario (EUR/MWh);;;;

;1;2;3;4;5;6;7;8;9;10;11;12;13;14;15;16;17;18;19;20;21;22;23;24;
Precio marginal en el sistema español (EUR/MWh);    16,22;    16,22;    15,00;    12,96;     6,00;     6,99;    15,98;    17,46;    15,00;     3,80;     0,66;     0,00;     0,00;     0,00;     0,00;    -0,01;    -0,01;     0,00;     0,65;     6,10;    30,92;    69,21;    36,00;    22,15;
Precio marginal en el sistema portugués (EUR/MWh);    16,22;    16,22;    15,00;    12,96;     6,00;     6,99;    15,98;    17,46;    15,00;     3,80;     0,66;     0,00;     0,00;     0,00;     0,00;    -0,01;    -0,01;     0,00;     0,65;     6,10;    30,92;    69,21;    36,00;    22,15;
Energía total de compra sistema español (MWh);  19073,6;  18697,6;  17826,2;  17455,7;  17646,7;  18221,5;  20623,6;  21647,2;  22825,7;  24579,3;  24841,2;  24148,8;  23915,6;  23773,1;  23411,5;  22754,5;  22405,1;  22568,1;  23218,7;  23606,5;  20791,9;  16933,1;  19472,7;  17930,1;
Energía total de venta sistema español (MWh);  21800,2;  21841,3;  21024,7;  21035,3;  20908,8;  21304,9;  22770,2;  23055,6;  25409,9;  29495,1;  30878,7;  30508,6;  30087,7;  29492,4;  28749,6;  28056,4;  27725,9;  27976,8;  27747,7;  26958,2;  22066,3;  17849,5;  21198,1;  20041,2;
Energía total de compra sistema portugués (MWh);   5681,4;   5175,0;   4820,6;   4592,2;   4484,3;   4403,4;   4501,6;   4903,7;   5518,1;   6394,7;   7998,4;   8025,5;   8098,4;   7940,1;   7759,7;   7839,5;   7779,9;   7771,6;   7605,4;   6410,4;   6809,0;   7119,3;   6847,2;   6244,8;
Energía total de venta sistema portugués (MWh);   5729,8;   4806,3;   4397,1;   3699,5;   3572,2;   3670,0;   4945,0;   6085,3;   5523,9;   4068,9;   4550,9;   4671,7;   4932,3;   5226,8;   5427,6;   5497,6;   5419,1;   5322,9;   5176,4;   5158,7;   7634,6;   8302,9;   7221,8;   6233,7;
Energía total del mercado Ibérico (MWh);  24755,0;  23872,6;  22646,8;  22047,9;  22131,0;  22624,9;  25125,2;  26550,9;  28343,8;  30974,0;  32839,6;  32174,3;  32014,0;  31713,2;  31171,2;  30594,0;  30185,0;  30339,7;  30824,1;  30016,9;  27600,9;  24052,4;  26319,9;  24174,9;
Energía total con bilaterales del mercado Ibérico (MWh);  30832,3;  28520,7;  27167,9;  26402,7;  26463,6;  27010,9;  29702,5;  32983,8;  35583,4;  37701,4;  40135,5;  39848,6;  39616,8;  39188,0;  38406,8;  37503,4;  36980,9;  36889,0;  37121,7;  35919,4;  36322,5;  36471,0;  34586,0;  31906,0;
Importación de España desde Portugal (MWh);     48,4;      0,0;      0,0;      0,0;      0,0;      0,0;    443,4;   1181,6;      5,8;      0,0;      0,0;      0,0;      0,0;      0,0;      0,0;      0,0;      0,0;      0,0;      0,0;      0,0;    825,6;   1183,6;    374,6;      0,0;
Exportación de España a Portugal (MWh);      0,0;    368,7;    423,5;    892,7;    912,1;    733,4;      0,0;      0,0;      0,0;   2325,8;   3447,5;   3353,8;   3166,1;   2713,3;   2332,1;   2341,9;   2360,8;   2448,7;   2429,0;   1251,7;      0,0;      0,0;      0,0;     11,1;
;;;;;;;;;;;;;;;;;;;;;;;;;
