OMIE - Mercado de electricidad;Fecha Emisión :07/04/2025 - 14:07;;08/04/2025;Precio del mercado diario (EUR/MWh);;;;

;1;2;3;4;5;6;7;8;9;10;11;12;13;14;15;16;17;18;19;20;21;22;23;24;
Precio marginal en el sistema español (EUR/MWh);    83,00;    71,80;    69,07;    57,65;    51,22;    53,16;    60,50;   131,17;   104,00;    36,88;     0,65;    -0,01;    -0,86;    -1,01;    -1,02;    -1,01;    -1,00;    -0,01;     0,01;    33,68;   117,60;   123,49;    85,95;    69,22;
Precio marginal en el sistema portugués (EUR/MWh);    83,00;    71,80;    69,07;    57,65;    51,22;    53,16;    60,50;   131,17;   104,00;    36,88;     0,65;    -0,01;    -0,86;    -1,01;    -1,02;    -1,01;    -1,00;    -0,01;     0,01;    33,68;   117,60;   123,49;    85,95;    69,22;
Energía total de compra sistema español (MWh);  13962,8;  16204,6;  15490,1;  15323,2;  15362,0;  15810,3;  14556,7;  16433,4;  17680,8;  21068,3;  22356,6;  21803,4;  21162,4;  21085,1;  20909,6;  20453,5;  20224,8;  20971,4;  21224,1;  20817,7;  18480,0;  18913,6;  17075,7;  15674,4;
Energía total de venta sistema español (MWh);  12821,4;  15527,5;  15673,0;  15732,8;  15677,5;  17371,8;  14248,6;  14723,5;  16659,3;  22934,1;  27108,4;  25853,6;  25257,3;  24948,3;  24773,9;  24877,7;  24857,0;  25860,2;  26650,0;  23249,4;  17049,6;  15582,4;  15602,8;  15871,3;
Energía total de compra sistema portugués (MWh);   5624,0;   5045,0;   4651,5;   4405,5;   4331,9;   4308,7;   4404,8;   4808,1;   5452,6;   6223,6;   7667,0;   7791,6;   7765,6;   7534,7;   7366,2;   7147,6;   7059,7;   7179,5;   7483,2;   6194,7;   6615,8;   6903,8;   6586,4;   6005,9;
Energía total de venta sistema portugués (MWh);   6160,9;   6046,6;   5957,4;   5903,4;   5938,9;   6144,9;   7012,9;   8818,0;   8774,1;   6657,8;   5215,2;   5041,4;   4970,7;   4971,5;   4801,9;   4573,4;   4277,5;   4140,7;   4107,3;   5813,0;   8040,1;   8082,4;   7866,3;   6942,5;
Energía total del mercado Ibérico (MWh);  19586,8;  21249,6;  20141,6;  19728,7;  19693,9;  20119,0;  18961,5;  21241,5;  23133,4;  27291,9;  30023,6;  29595,0;  28928,0;  28619,8;  28275,8;  27601,1;  27284,5;  28150,9;  28707,3;  27012,4;  25095,8;  25817,4;  23662,1;  21680,3;
Energía total con bilaterales del mercado Ibérico (MWh);  29137,3;  27258,5;  25901,0;  25367,9;  25323,7;  25937,4;  28834,8;  32196,8;  34987,5;  37073,9;  40497,2;  40175,6;  39468,1;  39124,2;  38591,4;  37698,4;  37273,2;  38114,8;  38379,1;  35929,5;  37285,6;  38021,8;  35136,0;  32420,8;
Importación de España desde Portugal (MWh);    536,9;   1001,6;   1305,9;   1497,9;   1607,0;   1836,2;   2608,1;   4009,9;   3321,5;    434,2;      0,0;      0,0;      0,0;      0,0;      0,0;      0,0;      0,0;      0,0;      0,0;      0,0;   1424,3;   1178,6;   1279,9;    936,6;
Exportación de España a Portugal (MWh);      0,0;      0,0;      0,0;      0,0;      0,0;      0,0;      0,0;      0,0;      0,0;      0,0;   2451,8;   2750,2;   2794,9;   2563,2;   2564,3;   2574,2;   2782,2;   3038,8;   3375,9;    381,7;      0,0;      0,0;      0,0;      0,0;
;;;;;;;;;;;;;;;;;;;;;;;;;
