OMIE - Mercado de electricidad;Fecha Emisión :10/04/2025 - 13:32;;11/04/2025;Precio del mercado diario (EUR/MWh);;;;

;1;2;3;4;5;6;7;8;9;10;11;12;13;14;15;16;17;18;19;20;21;22;23;24;
Precio marginal en el sistema español (EUR/MWh);    21,63;    16,66;    11,98;    14,00;    12,51;    14,00;    14,00;    30,48;    34,37;    27,50;    12,51;     3,52;     0,01;     0,00;     0,00;    -0,01;     0,01;     3,52;     8,30;    28,46;    52,01;    58,02;    41,91;    35,00;
Precio marginal en el sistema portugués (EUR/MWh);    21,63;    16,66;    11,98;    14,00;    12,51;    14,00;    14,00;    30,48;    34,37;    27,50;    12,51;     3,52;     0,01;     0,00;     0,00;    -0,01;     0,01;     3,52;     8,30;    28,46;    52,01;    58,02;    41,91;    35,00;
Energía total de compra sistema español (MWh);  17310,1;  16900,7;  16138,4;  15815,8;  15886,5;  16290,2;  18132,6;  20219,4;  21538,6;  21364,3;  22241,3;  23080,6;  23501,1;  23196,2;  22461,2;  21459,6;  20736,3;  21331,4;  20790,0;  20754,3;  21844,0;  22465,6;  20524,0;  18793,3;
Energía total de venta sistema español (MWh);  20267,9;  19652,9;  19002,3;  18012,2;  17908,9;  18077,3;  18707,3;  20119,0;  21020,3;  22457,4;  24022,4;  23442,9;  24137,3;  23895,3;  23214,1;  22529,5;  24362,8;  25226,2;  24688,4;  23781,9;  23260,5;  22051,0;  21750,9;  20121,1;
Energía total de compra sistema portugués (MWh);   5455,0;   5018,8;   5008,1;   4445,5;   4431,6;   4312,8;   4395,0;   4807,7;   5458,1;   6233,5;   6706,1;   7677,6;   7805,0;   7707,7;   7576,6;   7631,9;   7531,3;   7268,3;   7084,9;   6315,4;   6683,2;   6917,2;   6543,5;   5908,6;
Energía total de venta sistema portugués (MWh);   4969,8;   4995,6;   4873,2;   4978,1;   4906,2;   5022,7;   5220,3;   6308,1;   7376,4;   6540,4;   6325,0;   5165,3;   5018,8;   4858,6;   4673,7;   4462,0;   4649,8;   4623,5;   5486,5;   5587,8;   6605,9;   6558,0;   6231,9;   6076,9;
Energía total del mercado Ibérico (MWh);  22765,1;  21919,5;  21146,5;  20261,3;  20318,1;  20603,0;  22527,6;  25027,1;  26996,7;  27597,8;  28947,4;  30758,2;  31306,1;  30903,9;  30037,8;  29091,5;  28267,6;  28599,7;  27874,9;  27069,7;  28527,2;  29382,8;  27067,5;  24701,9;
Energía total con bilaterales del mercado Ibérico (MWh);  29726,9;  28515,9;  27483,7;  26296,3;  26286,8;  26696,2;  29243,0;  32641,0;  35105,8;  36177,6;  37932,7;  39678,8;  39526,7;  39417,5;  38794,1;  37694,5;  36672,4;  36719,5;  36494,3;  35292,9;  36582,5;  37514,0;  34621,6;  31614,9;
Importación de España desde Portugal (MWh);      0,0;      0,0;      0,0;    532,6;    474,6;    709,9;    825,3;   1500,4;   1918,3;    306,9;      0,0;      0,0;      0,0;      0,0;      0,0;      0,0;      0,0;      0,0;      0,0;      0,0;      0,0;      0,0;      0,0;    168,3;
Exportación de España a Portugal (MWh);    485,2;     23,2;    134,9;      0,0;      0,0;      0,0;      0,0;      0,0;      0,0;      0,0;    381,1;   2512,3;   2786,2;   2849,1;   2902,9;   3169,9;   2881,5;   2644,8;   1598,4;    727,6;     77,3;    359,2;    311,6;      0,0;
;;;;;;;;;;;;;;;;;;;;;;;;;
