OMIE - Mercado de electricidad;Fecha Emisión :28/04/2025 - 14:10;;29/04/2025;Precio del mercado diario (EUR/MWh);;;;

;1;2;3;4;5;6;7;8;9;10;11;12;13;14;15;16;17;18;19;20;21;22;23;24;
Precio marginal en el sistema español (EUR/MWh);     6,77;     3,52;     3,52;     3,52;     3,30;     3,52;     3,52;    14,00;     3,52;     3,00;     0,00;    -0,30;    -1,01;    -1,90;    -1,66;    -1,54;    -1,54;    -1,00;     0,00;     0,65;    12,53;    35,01;    33,68;    17,93;
Precio marginal en el sistema portugués (EUR/MWh);     6,77;     3,52;     3,52;     3,52;     3,30;     3,52;     3,52;    14,00;     3,52;     3,00;     0,00;    -0,30;    -1,01;    -1,90;    -1,66;    -1,54;    -1,54;    -1,00;     0,00;     0,65;    12,53;    35,01;    33,68;    17,93;
Energía total de compra sistema español (MWh);  16816,1;  15662,9;  14713,5;  14380,5;  14418,3;  14857,0;  16744,3;  18878,2;  20253,8;  23309,3;  23096,8;  22143,0;  21604,3;  21304,5;  20923,2;  20362,5;  20275,9;  20595,2;  21538,5;  19614,4;  21028,5;  21602,8;  20117,0;  18422,8;
Energía total de venta sistema español (MWh);  19179,1;  17926,5;  16764,3;  16210,7;  15828,6;  15922,0;  16199,7;  17978,9;  20289,7;  24709,5;  26196,3;  24732,1;  24106,2;  22627,6;  22872,9;  23325,6;  23254,7;  23357,9;  26233,5;  23970,1;  24130,3;  23436,0;  22264,5;  21835,8;
Energía total de compra sistema portugués (MWh);   5278,3;   5262,4;   4901,4;   4685,1;   4654,9;   4531,8;   4652,5;   4611,6;   5652,2;   6596,0;   7508,0;   7505,8;   7537,7;   7325,3;   7184,3;   7276,4;   7223,5;   7164,5;   7097,0;   6513,8;   6325,8;   6669,6;   6515,5;   5985,8;
Energía total de venta sistema portugués (MWh);   5875,3;   5958,8;   5810,6;   5814,9;   6111,6;   6333,8;   6597,1;   6910,9;   7016,3;   6595,8;   5808,5;   5466,7;   5585,8;   5168,4;   5154,3;   5113,3;   5044,7;   5201,8;   5362,0;   5118,1;   6184,0;   7796,4;   7328,0;   5532,8;
Energía total del mercado Ibérico (MWh);  22094,4;  20925,3;  19614,9;  19065,6;  19073,2;  19388,8;  21396,8;  23489,8;  25906,0;  29905,3;  30604,8;  29648,8;  29142,0;  28629,8;  28107,5;  27638,9;  27499,4;  27759,7;  28635,5;  26128,2;  27354,3;  28272,4;  26632,5;  24408,6;
Energía total con bilaterales del mercado Ibérico (MWh);  28837,8;  27305,8;  25747,3;  25114,8;  25100,5;  25630,4;  28377,8;  31326,8;  34777,8;  36596,3;  38132,4;  37570,7;  37463,9;  37050,8;  36480,2;  35784,3;  35240,4;  35347,9;  35524,7;  34646,7;  36191,2;  37099,7;  34767,6;  31839,2;
Importación de España desde Portugal (MWh);    597,0;    696,4;    909,2;   1129,8;   1456,7;   1802,0;   1944,6;   2299,3;   1364,1;      0,0;      0,0;      0,0;      0,0;      0,0;      0,0;      0,0;      0,0;      0,0;      0,0;      0,0;      0,0;   1126,8;    812,5;      0,0;
Exportación de España a Portugal (MWh);      0,0;      0,0;      0,0;      0,0;      0,0;      0,0;      0,0;      0,0;      0,0;      0,2;   1699,5;   2039,1;   1951,9;   2156,9;   2030,0;   2163,1;   2178,8;   1962,7;   1735,0;   1395,7;    141,8;      0,0;      0,0;    453,0;
;;;;;;;;;;;;;;;;;;;;;;;;;
