OMIE - Mercado de electricidad;Fecha Emisión :30/04/2025 - 19:51;;25/04/2025;Precio del mercado diario (EUR/MWh);;;;

;1;2;3;4;5;6;7;8;9;10;11;12;13;14;15;16;17;18;19;20;21;22;23;24;
Precio marginal en el sistema español (EUR/MWh);    74,24;    65,01;    69,39;    61,31;    65,20;    72,99;    92,52;   113,39;    99,00;    40,50;    15,00;     0,65;     0,00;     0,00;    -0,01;    -0,12;    -0,21;    -0,01;     0,00;    20,08;    79,50;   109,63;    77,00;    40,70;
Precio marginal en el sistema portugués (EUR/MWh);    74,24;    65,01;    69,39;    61,31;    65,20;    72,99;    72,99;    83,51;    78,87;    40,50;    15,00;     0,65;     0,00;     0,00;    -0,01;    -0,12;    -0,21;    -0,01;     0,00;    20,08;    44,03;    47,46;    47,46;    40,70;
Energía total de compra sistema español (MWh);  14160,4;  12991,3;  12467,4;  12164,9;  14667,3;  12218,5;  13591,1;  15920,0;  16670,9;  22334,0;  23053,0;  23473,3;  22940,6;  22497,8;  21720,6;  20943,3;  20691,3;  21185,3;  21677,4;  22473,9;  16542,5;  16986,7;  16359,8;  18354,7;
Energía total de venta sistema español (MWh);  13477,3;  12834,4;  12413,0;  11827,1;  14122,7;  11445,9;  11425,7;  13357,3;  15226,5;  23628,3;  26137,7;  26562,5;  26280,0;  25867,0;  24688,8;  24201,4;  23574,6;  23692,5;  24187,2;  22934,1;  16299,5;  16567,1;  16116,8;  19024,2;
Energía total de compra sistema portugués (MWh);   5226,7;   4730,8;   4307,6;   4083,2;   3965,1;   3860,7;   3893,5;   3986,7;   4158,9;   4495,9;   5773,0;   6502,8;   6716,5;   6895,8;   6642,5;   6532,8;   6426,7;   6357,6;   5480,9;   5128,6;   5568,6;   5873,3;   5663,7;   5352,8;
Energía total de venta sistema portugués (MWh);   6812,9;   6598,6;   6212,9;   6196,5;   6178,9;   6582,7;   6745,5;   6950,7;   7122,9;   5401,6;   4888,3;   4063,6;   4027,1;   4176,6;   4324,3;   4574,7;   4843,4;   5150,4;   5653,1;   7350,4;   8493,6;   8798,3;   8588,7;   7365,3;
Energía total del mercado Ibérico (MWh);  19387,1;  17722,1;  16775,0;  16248,1;  18632,4;  16079,2;  17484,6;  19906,7;  20829,8;  26829,9;  28826,0;  29976,1;  29657,1;  29393,6;  28363,1;  27476,1;  27118,0;  27542,9;  27158,3;  27602,5;  22111,1;  22860,0;  22023,5;  23707,5;
Energía total con bilaterales del mercado Ibérico (MWh);  28858,8;  26731,4;  25349,1;  24621,2;  24350,9;  24633,4;  26860,5;  30008,1;  31966,1;  33893,8;  36425,2;  37987,2;  37939,6;  37712,9;  36702,4;  35737,5;  35179,8;  35343,1;  34327,9;  33903,6;  33569,4;  34264,7;  33077,5;  31108,6;
Importación de España desde Portugal (MWh);   1586,2;   1867,8;   1905,3;   2113,3;   2213,8;   2722,0;   2852,0;   2964,0;   2964,0;    905,7;      0,0;      0,0;      0,0;      0,0;      0,0;      0,0;      0,0;      0,0;    172,2;   2221,8;   2925,0;   2925,0;   2925,0;   2012,5;
Exportación de España a Portugal (MWh);      0,0;      0,0;      0,0;      0,0;      0,0;      0,0;      0,0;      0,0;      0,0;      0,0;    884,7;   2439,2;   2689,4;   2719,2;   2318,2;   1958,1;   1583,3;   1207,2;      0,0;      0,0;      0,0;      0,0;      0,0;      0,0;
;;;;;;;;;;;;;;;;;;;;;;;;;
