OMIE - Mercado de electricidad;Fecha Emisión :13/04/2025 - 13:26;;14/04/2025;Precio del mercado diario (EUR/MWh);;;;

;1;2;3;4;5;6;7;8;9;10;11;12;13;14;15;16;17;18;19;20;21;22;23;24;
Precio marginal en el sistema español (EUR/MWh);    39,23;    38,16;    37,74;    35,00;    30,01;    35,01;    42,50;    68,19;    74,94;    37,74;    30,55;     7,40;     3,52;     0,65;     0,00;     0,00;     0,00;     0,00;     0,65;     4,99;    35,00;    35,00;    19,75;    13,00;
Precio marginal en el sistema portugués (EUR/MWh);    39,23;    38,16;    37,74;    35,00;    30,01;    35,01;    42,50;    68,19;    74,94;    37,74;    30,55;     7,40;     3,52;     0,65;     0,00;     0,00;     0,00;     0,00;     0,65;     4,99;    35,00;    35,00;    19,75;    13,00;
Energía total de compra sistema español (MWh);  15308,7;  14351,2;  13827,4;  13597,1;  13766,9;  14247,7;  16419,0;  15712,9;  16770,1;  20178,4;  19746,4;  23338,2;  23632,3;  23331,6;  22992,2;  22025,0;  21771,0;  22171,7;  22676,5;  23897,8;  21385,9;  22453,9;  21390,1;  19584,7;
Energía total de venta sistema español (MWh);  15711,7;  14842,9;  14105,4;  13256,9;  13342,1;  14334,4;  16486,2;  14423,8;  16004,8;  21465,5;  22050,8;  25501,5;  25872,5;  26222,9;  26078,8;  24597,3;  24124,0;  24355,6;  25487,4;  25590,3;  22480,5;  22898,8;  22739,5;  21038,3;
Energía total de compra sistema portugués (MWh);   4957,0;   4587,8;   4282,7;   4091,0;   4015,3;   3966,9;   4108,1;   4629,0;   5227,5;   6019,0;   6274,1;   6963,1;   7041,4;   7685,0;   7816,9;   7897,1;   7772,9;   7758,5;   7558,5;   6942,0;   6730,8;   6992,6;   6770,9;   6174,2;
Energía total de venta sistema portugués (MWh);   5430,4;   4900,3;   4473,4;   4112,6;   4120,5;   4496,6;   6395,2;   7676,1;   8215,5;   6352,1;   6419,7;   6399,8;   6401,2;   6393,7;   6330,3;   6324,8;   6419,9;   6574,6;   6897,6;   7399,5;   7786,2;   7399,0;   6424,3;   6203,1;
Energía total del mercado Ibérico (MWh);  20265,7;  18939,0;  18110,1;  17688,1;  17782,2;  18214,6;  20527,1;  20341,9;  21997,6;  26197,4;  26020,5;  30301,3;  30673,7;  31016,6;  30809,1;  29922,1;  29543,9;  29930,2;  30235,0;  30839,8;  28116,7;  29446,5;  28161,0;  25758,9;
Energía total con bilaterales del mercado Ibérico (MWh);  26513,1;  24827,0;  23747,2;  23213,6;  23316,5;  23983,0;  27101,6;  30781,5;  33253,8;  35220,3;  35606,4;  38562,1;  38921,2;  39538,1;  39291,2;  38365,1;  37695,1;  37959,4;  37887,1;  38133,1;  37306,4;  38691,9;  36828,1;  33726,6;
Importación de España desde Portugal (MWh);    473,4;    312,5;    190,7;     21,6;    105,2;    529,7;   2287,1;   3047,1;   2988,0;    333,1;    145,6;      0,0;      0,0;      0,0;      0,0;      0,0;      0,0;      0,0;      0,0;    457,5;   1055,4;    406,4;      0,0;     28,9;
Exportación de España a Portugal (MWh);      0,0;      0,0;      0,0;      0,0;      0,0;      0,0;      0,0;      0,0;      0,0;      0,0;      0,0;    563,3;    640,2;   1291,3;   1486,6;   1572,3;   1353,0;   1183,9;    660,9;      0,0;      0,0;      0,0;    346,6;      0,0;
;;;;;;;;;;;;;;;;;;;;;;;;;
