OMIE - Mercado de electricidad;Fecha Emisión :30/04/2025 - 19:50;;23/04/2025;Precio del mercado diario (EUR/MWh);;;;

;1;2;3;4;5;6;7;8;9;10;11;12;13;14;15;16;17;18;19;20;21;22;23;24;
Precio marginal en el sistema español (EUR/MWh);    72,84;    62,40;    60,98;    53,17;    50,92;    53,17;    73,00;    80,24;    67,11;    45,00;    11,50;     4,31;     0,65;     0,28;     0,00;     0,00;     0,00;     0,00;     3,52;    31,24;    88,73;   116,70;   105,58;    80,24;
Precio marginal en el sistema portugués (EUR/MWh);    72,84;    62,40;    60,98;    53,17;    50,92;    53,17;    73,00;    80,24;    67,11;    45,00;    11,50;     4,31;     0,65;     0,28;     0,01;     0,04;     0,04;     0,01;     3,52;    31,24;    88,73;   116,70;   105,58;    80,24;
Energía total de compra sistema español (MWh);  13676,4;  16240,4;  15307,5;  15053,5;  15283,7;  14849,6;  13439,1;  15574,9;  16213,7;  22543,6;  23733,0;  24073,9;  23660,2;  23645,9;  23115,1;  22367,4;  21978,1;  22578,8;  23605,4;  21117,7;  16920,2;  17897,3;  15914,5;  14461,7;
Energía total de venta sistema español (MWh);  15103,5;  16824,5;  16070,1;  15277,2;  14963,1;  14711,9;  13671,9;  13624,2;  17520,8;  26400,6;  29892,9;  31199,9;  30782,8;  30782,3;  30492,1;  29657,4;  29268,1;  29868,8;  30043,8;  25668,9;  17995,3;  17027,4;  16235,7;  16377,1;
Energía total de compra sistema portugués (MWh);   5491,9;   4995,2;   4627,7;   4390,0;   4295,6;   4204,3;   4340,5;   4789,3;   5452,5;   6176,1;   7622,8;   7715,3;   7720,3;   7787,0;   7820,3;   7825,6;   7804,8;   7605,6;   7432,5;   6864,5;   6580,0;   6885,2;   6679,5;   6084,1;
Energía total de venta sistema portugués (MWh);   6968,3;   6562,4;   6438,0;   6026,8;   5505,2;   5818,4;   6380,9;   6941,1;   6432,5;   5371,1;   4514,9;   3826,3;   3834,7;   3887,6;   3680,3;   3865,6;   3844,8;   3645,6;   3861,1;   5180,3;   7521,8;   7901,1;   7406,5;   6855,3;
Energía total del mercado Ibérico (MWh);  19168,3;  21235,6;  19935,2;  19443,5;  19579,3;  19053,9;  17779,6;  20364,2;  21666,2;  28719,7;  31355,8;  31789,2;  31380,5;  31432,9;  30935,4;  30193,0;  29782,9;  30184,4;  31037,9;  27982,2;  23500,2;  24782,5;  22594,0;  20545,8;
Energía total con bilaterales del mercado Ibérico (MWh);  29020,9;  27105,4;  25733,8;  25009,2;  25013,0;  25216,1;  27662,6;  31016,2;  33462,6;  35895,0;  39630,7;  39889,8;  39644,6;  39751,1;  39242,7;  38463,7;  37928,9;  38050,6;  38270,4;  36242,9;  35361,8;  36455,7;  33886,0;  31138,5;
Importación de España desde Portugal (MWh);   1476,4;   1567,2;   1810,3;   1636,8;   1209,6;   1614,1;   2040,4;   2151,8;    980,0;      0,0;      0,0;      0,0;      0,0;      0,0;      0,0;      0,0;      0,0;      0,0;      0,0;      0,0;    941,8;   1015,9;    727,0;    771,2;
Exportación de España a Portugal (MWh);      0,0;      0,0;      0,0;      0,0;      0,0;      0,0;      0,0;      0,0;      0,0;    805,0;   3107,9;   3889,0;   3885,6;   3899,4;   4140,0;   3960,0;   3960,0;   3960,0;   3571,4;   1684,2;      0,0;      0,0;      0,0;      0,0;
;;;;;;;;;;;;;;;;;;;;;;;;;
