OMIE - Mercado de electricidad;Fecha Emisión :02/04/2025 - 13:45;;03/04/2025;Precio del mercado diario (EUR/MWh);;;;

;1;2;3;4;5;6;7;8;9;10;11;12;13;14;15;16;17;18;19;20;21;22;23;24;
Precio marginal en el sistema español (EUR/MWh);    20,37;    19,07;    16,32;    12,27;     9,07;    11,94;    19,70;    38,11;    56,33;    38,11;    28,96;     3,52;     0,50;     0,00;     0,00;     0,00;     1,87;     5,00;    10,06;    35,00;    80,00;    79,00;    35,01;    10,10;
Precio marginal en el sistema portugués (EUR/MWh);    20,37;    19,07;    16,32;    12,27;     9,07;    11,94;    19,70;    38,11;    56,33;    38,11;    28,96;     3,52;     0,50;     0,00;     0,00;     0,00;     1,87;     5,00;    10,06;    35,00;    80,00;    79,00;    35,01;    10,10;
Energía total de compra sistema español (MWh);  18619,7;  17983,2;  17413,5;  16752,9;  16882,4;  17013,0;  18255,6;  21157,5;  18361,6;  21686,4;  22566,0;  23501,0;  23502,4;  23343,4;  22834,6;  22349,8;  21957,6;  21674,2;  21575,0;  22032,3;  18924,6;  22368,8;  22291,9;  20466,9;
Energía total de venta sistema español (MWh);  20598,9;  20575,6;  19580,2;  19172,6;  18806,4;  19756,7;  19745,2;  20923,9;  17731,8;  22262,5;  22153,7;  21430,7;  21731,6;  21629,7;  21073,7;  20785,8;  22556,4;  23662,8;  23084,3;  22195,1;  18543,0;  21736,4;  22407,4;  21233,4;
Energía total de compra sistema portugués (MWh);   5863,4;   5337,2;   4931,5;   4726,2;   4566,2;   4617,2;   4667,5;   5089,1;   5781,9;   6405,9;   6583,1;   6974,3;   7531,1;   7529,8;   7338,5;   7456,5;   7246,2;   6350,3;   6469,5;   6770,8;   7260,3;   7409,7;   7213,6;   6661,5;
Energía total de venta sistema portugués (MWh);   5734,2;   5556,4;   5601,5;   4586,9;   4577,2;   5173,5;   5859,9;   7172,7;   8261,7;   7679,8;   7701,6;   5853,6;   6110,9;   6052,5;   5908,4;   5783,5;   5946,8;   6211,7;   6810,2;   8458,0;   9491,9;   9892,1;   8948,1;   7745,0;
Energía total del mercado Ibérico (MWh);  24483,1;  23320,4;  22345,0;  21479,1;  21448,6;  21630,2;  22923,1;  26246,6;  24143,5;  28092,3;  29149,1;  30475,3;  31033,5;  30873,2;  30173,1;  29806,3;  29203,8;  28024,5;  28044,5;  28803,1;  26184,9;  29778,5;  29505,5;  27128,4;
Energía total con bilaterales del mercado Ibérico (MWh);  31582,6;  30041,7;  28800,3;  27779,8;  27687,7;  27988,6;  30004,7;  34210,4;  36394,1;  37003,6;  37037,6;  38458,8;  39317,4;  39311,0;  38596,3;  38262,3;  37538,4;  36116,9;  36975,0;  37492,4;  38932,7;  39451,0;  37826,7;  34771,1;
Importación de España desde Portugal (MWh);      0,0;    219,2;    670,0;      0,0;     11,0;    556,3;   1192,4;   2083,6;   2479,8;   1273,9;   1118,5;      0,0;      0,0;      0,0;      0,0;      0,0;      0,0;      0,0;    340,7;   1687,2;   2231,6;   2482,4;   1734,5;   1083,5;
Exportación de España a Portugal (MWh);    129,2;      0,0;      0,0;    139,3;      0,0;      0,0;      0,0;      0,0;      0,0;      0,0;      0,0;   1120,7;   1420,2;   1477,3;   1430,1;   1673,0;   1299,4;    138,6;      0,0;      0,0;      0,0;      0,0;      0,0;      0,0;
;;;;;;;;;;;;;;;;;;;;;;;;;
