OMIE - Mercado de electricidad;Fecha Emisión :14/04/2025 - 13:27;;15/04/2025;Precio del mercado diario (EUR/MWh);;;;

;1;2;3;4;5;6;7;8;9;10;11;12;13;14;15;16;17;18;19;20;21;22;23;24;
Precio marginal en el sistema español (EUR/MWh);    14,00;     7,50;     5,64;     4,50;     3,60;     7,08;    20,08;    34,45;    35,00;    18,74;     5,50;     3,52;     0,08;     0,00;    -0,01;    -0,01;    -0,01;     0,00;     2,55;     7,50;    33,47;    35,00;    21,96;    21,46;
Precio marginal en el sistema portugués (EUR/MWh);    14,00;     7,50;     5,64;     4,50;     3,60;     7,08;    20,08;    34,45;    35,00;    18,74;     5,50;     3,52;     0,08;     0,00;    -0,01;    -0,01;    -0,01;     0,00;     2,55;     7,50;    33,47;    35,00;    21,96;    21,46;
Energía total de compra sistema español (MWh);  20889,7;  19693,1;  18815,9;  19333,7;  19225,0;  18590,6;  20498,4;  21111,3;  22065,0;  24122,8;  25224,8;  25785,1;  25680,7;  25478,9;  25015,4;  24064,5;  23635,2;  24144,4;  24842,0;  25236,7;  21796,4;  22613,7;  20693,2;  18810,3;
Energía total de venta sistema español (MWh);  22593,2;  21492,0;  20603,8;  19999,8;  19652,1;  19536,0;  21267,2;  20919,7;  23006,2;  26344,5;  28660,7;  28572,4;  27621,5;  25888,1;  25547,9;  24794,0;  24443,8;  24929,8;  26880,2;  26413,6;  21479,9;  20895,9;  21414,9;  20538,3;
Energía total de compra sistema portugués (MWh);   5488,6;   5108,8;   5407,8;   5167,8;   5056,2;   4985,0;   4369,6;   4781,7;   5403,6;   6211,5;   7066,8;   6935,0;   7541,4;   7318,7;   7141,2;   7184,2;   7146,0;   7112,4;   6945,3;   6508,8;   6779,3;   7202,0;   6860,9;   6211,9;
Energía total de venta sistema portugués (MWh);   5888,6;   5249,0;   4931,1;   4328,9;   3935,3;   4718,4;   5650,8;   6140,2;   6247,9;   6039,8;   5680,9;   5397,7;   5841,3;   5954,3;   6310,8;   6619,9;   6730,8;   6768,1;   7007,1;   7431,9;   8079,3;   7660,0;   6988,9;   6583,9;
Energía total del mercado Ibérico (MWh);  26378,3;  24801,9;  24223,7;  24501,5;  24281,2;  23575,6;  24868,0;  25893,0;  27468,6;  30334,3;  32291,6;  32720,1;  33222,1;  32797,6;  32156,6;  31248,7;  30781,2;  31256,8;  31787,3;  31745,5;  28575,7;  29815,7;  27554,1;  25022,2;
Energía total con bilaterales del mercado Ibérico (MWh);  30715,1;  28970,9;  28309,5;  28558,4;  28264,4;  27646,0;  29341,0;  32238,3;  34319,3;  37359,0;  38606,3;  39056,8;  39820,2;  39462,3;  38885,3;  38057,5;  37608,4;  38008,7;  38046,5;  37197,2;  37481,2;  38740,3;  35993,5;  32353,0;
Importación de España desde Portugal (MWh);    400,0;    140,2;      0,0;      0,0;      0,0;      0,0;   1281,2;   1358,5;    844,3;      0,0;      0,0;      0,0;      0,0;      0,0;      0,0;      0,0;      0,0;      0,0;     61,8;    923,1;   1300,0;    458,0;    128,0;    372,0;
Exportación de España a Portugal (MWh);      0,0;      0,0;    476,7;    838,9;   1120,9;    266,6;      0,0;      0,0;      0,0;    171,7;   1385,9;   1537,3;   1700,1;   1364,4;    830,4;    564,3;    415,2;    344,3;      0,0;      0,0;      0,0;      0,0;      0,0;      0,0;
;;;;;;;;;;;;;;;;;;;;;;;;;
