OMIE - Mercado de electricidad;Fecha Emisión :30/04/2025 - 19:51;;28/04/2025;Precio del mercado diario (EUR/MWh);;;;

;1;2;3;4;5;6;7;8;9;10;11;12;13;14;15;16;17;18;19;20;21;22;23;24;
Precio marginal en el sistema español (EUR/MWh);    24,63;    16,30;    18,10;    18,00;    18,00;    25,00;    25,00;    47,94;    33,00;     3,52;     0,00;    -0,01;    -1,01;    -2,50;    -3,00;    -1,54;    -0,30;    -0,01;     0,01;     5,20;    40,70;    80,80;    61,15;    35,00;
Precio marginal en el sistema portugués (EUR/MWh);    24,63;    16,30;    18,10;    18,00;    18,00;    25,00;    25,00;    40,70;    33,00;     3,52;     0,00;    -0,01;    -1,01;    -2,50;    -1,51;    -1,51;    -0,30;    -0,01;     0,01;     5,20;    40,70;    80,80;    61,15;    35,00;
Energía total de compra sistema español (MWh);  15586,3;  14548,4;  13725,3;  13536,4;  13595,1;  14031,9;  16510,5;  18867,8;  20610,6;  22857,1;  22928,4;  21400,9;  20932,0;  21023,0;  20458,3;  19505,0;  19032,1;  20010,2;  21037,4;  18979,5;  20429,3;  17617,5;  19743,8;  18113,6;
Energía total de venta sistema español (MWh);  17611,4;  16771,4;  14778,4;  14460,8;  14265,3;  14323,7;  14816,2;  16690,8;  19208,4;  24299,9;  26156,8;  24981,5;  23445,9;  22119,8;  21668,3;  23008,3;  24751,4;  25698,4;  26881,2;  23622,8;  23109,4;  17238,1;  21599,9;  20180,0;
Energía total de compra sistema portugués (MWh);   4779,4;   4454,1;   4177,6;   3999,5;   3899,3;   3850,3;   4013,8;   4402,2;   5015,3;   5666,8;   7226,6;   7335,3;   7349,1;   7264,0;   7265,3;   7306,5;   7283,6;   7230,5;   6919,7;   5685,0;   6152,5;   6489,7;   6354,4;   5841,0;
Energía total de venta sistema portugués (MWh);   5760,3;   5237,1;   6130,5;   6081,1;   6235,1;   6564,5;   6858,1;   7729,2;   7567,5;   5374,0;   5148,2;   4688,3;   4472,1;   3867,2;   3755,3;   3706,5;   3864,3;   3842,3;   4035,9;   4001,7;   6432,4;   7537,5;   7064,1;   6734,6;
Energía total del mercado Ibérico (MWh);  20365,7;  19002,5;  17902,9;  17535,9;  17494,4;  17882,2;  20524,3;  23270,0;  25625,9;  28523,9;  30155,0;  28736,2;  28281,1;  28287,0;  27723,6;  26811,5;  26315,7;  27240,7;  27957,1;  24664,5;  26581,8;  24107,2;  26098,2;  23954,6;
Energía total con bilaterales del mercado Ibérico (MWh);  26685,4;  24915,1;  23489,8;  22972,4;  22934,8;  23555,3;  27029,9;  30718,4;  33129,8;  35630,8;  38018,8;  37066,6;  36875,0;  36945,1;  36376,3;  35400,5;  34748,1;  35158,1;  35526,5;  33813,6;  35223,7;  36254,5;  34089,1;  31260,9;
Importación de España desde Portugal (MWh);    980,9;    783,0;   1952,9;   2081,6;   2335,8;   2714,2;   2844,3;   3327,0;   2552,2;      0,0;      0,0;      0,0;      0,0;      0,0;      0,0;      0,0;      0,0;      0,0;      0,0;      0,0;    279,9;   1047,8;    709,7;    893,6;
Exportación de España a Portugal (MWh);      0,0;      0,0;      0,0;      0,0;      0,0;      0,0;      0,0;      0,0;      0,0;    292,8;   2078,4;   2647,0;   2877,0;   3396,8;   3510,0;   3600,0;   3419,3;   3388,2;   2883,8;   1683,3;      0,0;      0,0;      0,0;      0,0;
;;;;;;;;;;;;;;;;;;;;;;;;;
