OMIE - Mercado de electricidad;Fecha Emisión :30/04/2025 - 19:51;;26/04/2025;Precio del mercado diario (EUR/MWh);;;;

;1;2;3;4;5;6;7;8;9;10;11;12;13;14;15;16;17;18;19;20;21;22;23;24;
Precio marginal en el sistema español (EUR/MWh);    19,86;     7,83;     5,30;     7,11;     7,11;     5,30;     8,50;    15,50;     6,98;     0,00;    -0,51;    -1,54;    -2,00;    -2,00;    -3,00;    -3,00;    -3,03;    -2,50;    -1,54;     0,00;    11,00;    23,04;    18,45;    16,08;
Precio marginal en el sistema portugués (EUR/MWh);    19,86;     7,83;     5,30;     7,11;     7,11;     5,30;     8,50;    15,50;     6,98;     0,00;    -0,51;    -1,54;    -2,00;    -2,00;    -3,00;    -3,00;    -3,03;    -2,50;    -1,54;     0,00;    11,00;    23,04;    18,45;    16,08;
Energía total de compra sistema español (MWh);  16949,5;  16205,7;  15648,6;  15792,3;  15480,1;  15544,4;  16449,2;  18140,9;  19478,6;  19569,6;  18922,2;  18515,2;  17932,2;  18019,0;  17405,7;  16299,5;  15756,3;  16130,6;  17137,2;  19290,5;  18201,2;  18749,5;  17734,2;  16490,7;
Energía total de venta sistema español (MWh);  18105,7;  18647,5;  18421,7;  18146,4;  17881,0;  17746,1;  18104,1;  19212,1;  22178,5;  24406,5;  24300,7;  24706,8;  24053,0;  24254,4;  22856,1;  22367,5;  21722,3;  22103,1;  23401,0;  24835,8;  21388,0;  21054,0;  20710,2;  19547,5;
Energía total de compra sistema portugués (MWh);   4988,1;   5189,4;   5080,6;   4849,4;   4757,7;   4354,1;   3908,7;   3912,0;   4981,1;   6099,0;   6258,7;   6460,9;   6467,3;   6581,8;   6351,8;   6170,7;   6071,1;   6059,2;   6206,7;   6407,6;   5305,5;   5602,0;   5468,8;   5209,2;
Energía total de venta sistema portugués (MWh);   6976,9;   5892,6;   5452,5;   5640,3;   5593,8;   5389,4;   5490,8;   5892,8;   5333,2;   4314,1;   3932,2;   3506,3;   3583,5;   3583,4;   3525,0;   3524,7;   3527,1;   3508,7;   3364,9;   3914,3;   5170,7;   6349,5;   5544,8;   5204,4;
Energía total del mercado Ibérico (MWh);  21937,6;  21395,1;  20729,2;  20641,7;  20237,8;  19898,5;  20357,9;  22052,9;  24459,7;  25668,6;  25180,9;  24976,1;  24399,5;  24600,8;  23757,5;  22470,2;  21827,4;  22189,8;  23343,9;  25698,1;  23506,7;  24351,5;  23203,0;  21699,9;
Energía total con bilaterales del mercado Ibérico (MWh);  28966,2;  28119,0;  27156,2;  26550,5;  25972,7;  25583,6;  25177,2;  25995,5;  29476,8;  32501,5;  32963,9;  33141,5;  32764,1;  33031,6;  32177,7;  30874,2;  30103,0;  30174,9;  30916,5;  32125,7;  31552,3;  32649,4;  31171,8;  29201,4;
Importación de España desde Portugal (MWh);   1988,8;    703,2;    371,9;    790,9;    836,1;   1035,3;   1582,1;   1980,8;    352,1;      0,0;      0,0;      0,0;      0,0;      0,0;      0,0;      0,0;      0,0;      0,0;      0,0;      0,0;      0,0;    747,5;     76,0;      0,0;
Exportación de España a Portugal (MWh);      0,0;      0,0;      0,0;      0,0;      0,0;      0,0;      0,0;      0,0;      0,0;   1784,9;   2326,5;   2954,6;   2883,8;   2998,4;   2826,8;   2646,0;   2544,0;   2550,5;   2841,8;   2493,3;    134,8;      0,0;      0,0;      4,8;
;;;;;;;;;;;;;;;;;;;;;;;;;
