OMIE - Mercado de electricidad;Fecha Emisión :17/04/2025 - 13:23;;18/04/2025;Precio del mercado diario (EUR/MWh);;;;

;1;2;3;4;5;6;7;8;9;10;11;12;13;14;15;16;17;18;19;20;21;22;23;24;
Precio marginal en el sistema español (EUR/MWh);    36,00;    21,53;    20,26;    20,57;    20,57;    20,26;    15,55;    18,98;    12,05;     4,31;     2,00;     0,00;    -0,30;    -0,79;    -1,16;    -1,54;    -1,54;    -1,51;     0,00;     3,52;    21,53;    35,00;    30,00;    21,05;
Precio marginal en el sistema portugués (EUR/MWh);    36,00;    21,53;    20,26;    20,57;    20,57;    20,26;    15,55;    18,98;    12,05;     4,31;     2,00;     0,00;    -0,30;    -0,79;    -1,16;    -1,54;    -1,54;    -1,51;     0,00;     3,52;    21,53;    35,00;    30,00;    21,05;
Energía total de compra sistema español (MWh);  16455,5;  15114,5;  14872,0;  15170,0;  15073,9;  15381,2;  15189,7;  15795,0;  17945,4;  20018,6;  20793,1;  20507,7;  20097,6;  20094,4;  19928,0;  18896,5;  18512,6;  18745,1;  19975,0;  21025,6;  18175,3;  18578,7;  17606,7;  16033,6;
Energía total de venta sistema español (MWh);  17417,6;  16326,2;  15446,5;  15440,1;  15318,1;  15230,1;  15165,3;  15437,8;  18099,7;  22450,2;  24272,1;  22898,7;  22795,9;  22766,0;  22303,5;  21728,6;  21200,9;  21394,6;  23605,1;  24800,1;  19039,7;  18711,6;  17736,8;  16659,8;
Energía total de compra sistema portugués (MWh);   5346,3;   4838,3;   4469,9;   4225,0;   4095,3;   4025,5;   4069,4;   4181,0;   4353,0;   5493,2;   6553,4;   6857,6;   7047,0;   7053,6;   6778,7;   6644,6;   6576,0;   6524,0;   6422,1;   6730,6;   5771,8;   6129,5;   5994,5;   5662,7;
Energía total de venta sistema portugués (MWh);   7390,2;   6632,6;   6901,4;   6960,9;   6950,1;   7275,6;   6868,8;   7313,2;   6973,7;   5836,6;   5849,4;   5416,6;   5298,7;   5332,0;   5353,2;   4962,5;   5037,7;   5024,5;   5659,0;   5823,1;   7774,4;   8863,6;   8731,4;   7903,5;
Energía total del mercado Ibérico (MWh);  21801,8;  19952,8;  19341,9;  19395,0;  19169,2;  19406,7;  19259,1;  19976,0;  22298,4;  25511,8;  27346,5;  27365,3;  27144,6;  27148,0;  26706,7;  25541,1;  25088,6;  25269,1;  26397,1;  27756,2;  23947,1;  24708,2;  23601,2;  21696,3;
Energía total con bilaterales del mercado Ibérico (MWh);  27333,7;  25443,2;  24156,2;  22842,5;  22585,5;  22855,4;  23817,8;  24656,3;  26286,8;  29908,6;  32411,2;  32746,6;  32754,4;  32840,4;  32491,2;  31204,7;  30506,9;  30488,1;  31198,1;  32251,6;  30798,4;  32626,5;  31243,0;  28933,9;
Importación de España desde Portugal (MWh);   2043,9;   1794,3;   2431,5;   2735,9;   2854,8;   3250,1;   2799,4;   3132,2;   2620,7;    343,4;      0,0;      0,0;      0,0;      0,0;      0,0;      0,0;      0,0;      0,0;      0,0;      0,0;   2002,6;   2734,1;   2736,9;   2240,8;
Exportación de España a Portugal (MWh);      0,0;      0,0;      0,0;      0,0;      0,0;      0,0;      0,0;      0,0;      0,0;      0,0;    704,0;   1441,0;   1748,3;   1721,6;   1425,5;   1682,1;   1538,3;   1499,5;    763,1;    907,5;      0,0;      0,0;      0,0;      0,0;
;;;;;;;;;;;;;;;;;;;;;;;;;
