OMIE - Mercado de electricidad;Fecha Emisión :06/04/2025 - 13:21;;07/04/2025;Precio del mercado diario (EUR/MWh);;;;

;1;2;3;4;5;6;7;8;9;10;11;12;13;14;15;16;17;18;19;20;21;22;23;24;
Precio marginal en el sistema español (EUR/MWh);    48,37;    41,90;    43,32;    39,54;    39,74;    46,22;    70,10;   159,86;   143,04;    60,00;    17,43;     3,01;     0,01;     0,00;     0,00;     0,00;     0,00;     1,51;    20,00;    69,10;   156,00;   170,01;   118,34;    99,84;
Precio marginal en el sistema portugués (EUR/MWh);    48,37;    41,90;    43,32;    39,54;    39,74;    46,22;    70,10;   132,57;   143,04;    60,00;    17,43;     3,01;     1,00;     0,00;     0,00;     0,00;     0,00;     1,51;    20,00;    69,10;   156,00;   170,01;   118,34;    99,84;
Energía total de compra sistema español (MWh);  16413,7;  15276,9;  14724,7;  14452,3;  14640,5;  15293,6;  14867,1;  16862,5;  18422,5;  21210,4;  22190,8;  22722,9;  22526,9;  22409,7;  22055,9;  21541,2;  21292,9;  21898,9;  21027,9;  20343,6;  18908,7;  19421,9;  18206,4;  16119,0;
Energía total de venta sistema español (MWh);  18223,5;  17113,7;  16890,1;  16196,9;  15728,7;  15989,3;  15033,5;  15071,5;  16877,9;  23180,0;  26094,2;  28628,2;  28740,9;  28603,2;  27464,4;  27356,4;  27064,4;  27309,5;  25490,3;  23210,6;  16506,7;  15088,2;  15025,3;  14240,2;
Energía total de compra sistema portugués (MWh);   5223,1;   4749,8;   4425,9;   4218,7;   4133,7;   4106,7;   4257,2;   4797,5;   5451,4;   6304,8;   6451,3;   7282,2;   7833,2;   7846,5;   7705,3;   7783,4;   7637,1;   7139,1;   5956,4;   6213,0;   6718,2;   7079,6;   6727,9;   6148,4;
Energía total de venta sistema portugués (MWh);   5606,5;   5120,6;   5098,9;   4673,1;   4689,1;   5142,5;   6634,8;   8113,5;   8420,5;   6879,2;   5091,9;   3920,9;   4163,2;   4197,0;   4124,5;   4118,2;   4015,6;   3878,5;   5055,0;   6907,0;   7954,1;   7898,3;   7167,0;   7120,9;
Energía total del mercado Ibérico (MWh);  21636,8;  20026,7;  19150,6;  18671,0;  18774,2;  19400,3;  19124,3;  21660,0;  23873,9;  27515,2;  28642,1;  30005,1;  30360,1;  30256,2;  29761,2;  29324,6;  28930,0;  29038,0;  26984,3;  26556,6;  25626,9;  26501,5;  24934,3;  22267,4;
Energía total con bilaterales del mercado Ibérico (MWh);  27842,5;  25850,1;  24728,5;  24103,2;  24159,7;  24972,1;  28119,1;  31658,5;  34625,3;  36781,7;  38692,2;  39499,2;  39696,9;  39553,9;  38966,3;  38315,6;  37781,1;  37651,4;  36110,3;  35020,9;  36563,2;  37479,4;  35115,9;  31726,3;
Importación de España desde Portugal (MWh);    383,4;    370,8;    673,0;    454,4;    555,4;   1035,8;   2377,6;   3316,0;   2969,1;    574,4;      0,0;      0,0;      0,0;      0,0;      0,0;      0,0;      0,0;      0,0;      0,0;    694,0;   1235,9;    818,7;    439,1;    972,5;
Exportación de España a Portugal (MWh);      0,0;      0,0;      0,0;      0,0;      0,0;      0,0;      0,0;      0,0;      0,0;      0,0;   1359,4;   3361,3;   3670,0;   3649,5;   3580,8;   3665,2;   3621,5;   3260,6;    901,4;      0,0;      0,0;      0,0;      0,0;      0,0;
;;;;;;;;;;;;;;;;;;;;;;;;;
