OMIE - Mercado de electricidad;Fecha Emisión :31/03/2025 - 13:22;;01/04/2025;Precio del mercado diario (EUR/MWh);;;;

;1;2;3;4;5;6;7;8;9;10;11;12;13;14;15;16;17;18;19;20;21;22;23;24;
Precio marginal en el sistema español (EUR/MWh);    90,00;    75,78;    70,03;    60,48;    61,59;    68,20;    84,20;   155,50;   159,37;    87,97;    38,10;     5,20;     0,00;     0,00;    -0,01;    -0,07;    -0,01;    -0,01;    17,90;    53,71;   114,96;   120,93;    84,20;    58,44;
Precio marginal en el sistema portugués (EUR/MWh);    90,00;    75,78;    70,03;    60,48;    61,59;    68,20;    84,20;   155,50;   159,37;    87,97;    38,10;    12,00;     8,26;     6,48;     5,80;     6,38;     6,38;     6,59;    18,41;    53,71;   114,96;   120,93;    84,20;    58,44;
Energía total de compra sistema español (MWh);  14867,9;  16919,4;  16079,5;  15865,5;  15887,0;  16414,4;  15155,5;  17410,3;  18355,0;  21107,5;  21846,6;  22278,8;  22398,3;  21957,9;  21369,6;  20775,7;  20740,5;  20981,2;  20085,3;  17786,4;  18465,2;  18504,8;  17198,6;  19024,8;
Energía total de venta sistema español (MWh);  11964,5;  14658,7;  14296,3;  14370,3;  14421,7;  14303,5;  11757,3;  13042,5;  14158,3;  18830,2;  21100,3;  22833,8;  22953,3;  22512,9;  21924,6;  21798,5;  21631,0;  21611,7;  23235,2;  17716,9;  14897,6;  15072,6;  14547,4;  17918,2;
Energía total de compra sistema portugués (MWh);   5738,3;   5309,4;   4922,8;   4684,5;   4583,8;   4525,4;   4627,4;   4992,7;   5648,6;   6415,2;   6628,7;   6443,1;   6454,0;   6722,8;   6805,0;   6883,6;   6794,2;   6634,1;   6335,4;   6515,8;   6990,7;   7233,9;   7009,3;   6416,6;
Energía total de venta sistema portugués (MWh);   6464,6;   6106,8;   5717,7;   5394,9;   5440,6;   5590,3;   6558,0;   8116,6;   8194,4;   6493,2;   5120,1;   3788,1;   3799,0;   4067,8;   4150,0;   4228,6;   4139,2;   3979,1;   3680,4;   5818,7;   7321,3;   7429,1;   6423,5;   5860,4;
Energía total del mercado Ibérico (MWh);  20606,2;  22228,8;  21002,3;  20550,0;  20470,8;  20939,8;  19782,9;  22403,0;  24003,6;  27522,7;  28475,3;  28721,9;  28852,3;  28680,7;  28174,6;  27659,3;  27534,7;  27615,3;  26420,7;  24302,2;  25455,9;  25738,7;  24207,9;  25441,4;
Energía total con bilaterales del mercado Ibérico (MWh);  30035,0;  28266,3;  26810,1;  26239,8;  26136,3;  26779,3;  29373,4;  32746,6;  34927,5;  36376,0;  36445,0;  37214,8;  37371,8;  37288,1;  36938,7;  36549,9;  36401,7;  36245,7;  35645,1;  36319,7;  37414,3;  37846,2;  35640,2;  32662,4;
Importación de España desde Portugal (MWh);    726,3;    797,4;    794,9;    710,4;    856,8;   1064,9;   1930,6;   3123,9;   2545,8;     78,0;      0,0;      0,0;      0,0;      0,0;      0,0;      0,0;      0,0;      0,0;      0,0;      0,0;    330,6;    195,2;      0,0;      0,0;
Exportación de España a Portugal (MWh);      0,0;      0,0;      0,0;      0,0;      0,0;      0,0;      0,0;      0,0;      0,0;      0,0;   1508,6;   2655,0;   2655,0;   2655,0;   2655,0;   2655,0;   2655,0;   2655,0;   2655,0;    697,1;      0,0;      0,0;    585,8;    556,2;
;;;;;;;;;;;;;;;;;;;;;;;;;
