OMIE - Mercado de electricidad;Fecha Emisión :05/04/2025 - 13:29;;06/04/2025;Precio del mercado diario (EUR/MWh);;;;

;1;2;3;4;5;6;7;8;9;10;11;12;13;14;15;16;17;18;19;20;21;22;23;24;
Precio marginal en el sistema español (EUR/MWh);    70,45;    46,21;    35,01;    27,01;    25,50;    25,57;    26,51;    28,87;    26,25;     0,10;    -1,01;    -1,54;    -1,54;    -1,00;    -1,00;    -1,32;    -1,49;    -0,01;     8,26;    35,20;    75,00;    80,00;    70,01;    66,38;
Precio marginal en el sistema portugués (EUR/MWh);    70,45;    46,21;    35,01;    27,01;    25,50;    25,57;    26,51;    28,87;    26,25;     0,10;    -1,01;    -1,54;    -1,54;    -1,00;    -1,00;    -1,32;    -1,49;    -0,01;     8,26;    35,20;    75,00;    80,00;    70,01;    66,38;
Energía total de compra sistema español (MWh);  16355,4;  15132,2;  14493,0;  13869,5;  13686,6;  13754,3;  14339,9;  14685,5;  15047,2;  17819,4;  17825,6;  18006,5;  18291,2;  18982,3;  19111,7;  18229,5;  17555,7;  16482,8;  17441,5;  17993,8;  19594,6;  17818,7;  19477,9;  17632,7;
Energía total de venta sistema español (MWh);  17001,6;  16628,5;  16120,0;  14249,6;  13389,5;  13531,2;  14232,8;  14569,5;  15871,9;  17327,4;  17720,3;  18702,8;  19129,8;  19416,6;  19226,6;  18061,5;  17393,7;  18855,7;  20158,0;  19986,1;  18627,0;  14946,4;  18345,1;  18420,7;
Energía total de compra sistema portugués (MWh);   5200,3;   4709,1;   4370,0;   4145,6;   4024,0;   3947,0;   3946,9;   4156,6;   4212,4;   5501,2;   6127,3;   6433,5;   6653,2;   6760,6;   6377,4;   6173,7;   6011,9;   5905,0;   5564,7;   5331,6;   5833,7;   6201,9;   6018,3;   5668,4;
Energía total de venta sistema portugués (MWh);   6210,9;   6166,9;   5893,9;   5138,6;   4765,0;   5129,5;   6275,0;   6615,7;   6255,4;   3624,9;   3180,6;   2823,2;   2900,6;   3412,3;   3348,5;   3242,7;   3074,9;   3356,7;   4848,2;   6669,3;   6430,4;   6285,3;   6275,7;   6157,3;
Energía total del mercado Ibérico (MWh);  21555,7;  19841,3;  18863,0;  18015,1;  17710,6;  17701,3;  18286,8;  18842,1;  19259,6;  23320,6;  23952,9;  24440,0;  24944,4;  25742,9;  25489,1;  24403,2;  23567,6;  22387,8;  23006,2;  23325,4;  25428,3;  24020,6;  25496,2;  23301,1;
Energía total con bilaterales del mercado Ibérico (MWh);  27777,3;  25682,7;  24351,3;  23343,6;  22948,3;  22937,7;  23630,4;  24240,1;  25079,6;  29817,5;  31073,8;  31812,0;  32173,8;  32796,6;  32420,9;  31085,5;  30041,5;  30019,3;  30571,5;  30573,7;  32648,9;  34477,0;  32790,7;  30110,6;
Importación de España desde Portugal (MWh);   1010,6;   1457,8;   1523,9;    993,0;    741,0;   1182,5;   2328,1;   2459,1;   2043,0;      0,0;      0,0;      0,0;      0,0;      0,0;      0,0;      0,0;      0,0;      0,0;      0,0;   1337,7;    596,7;     83,4;    257,4;    488,9;
Exportación de España a Portugal (MWh);      0,0;      0,0;      0,0;      0,0;      0,0;      0,0;      0,0;      0,0;      0,0;   1876,3;   2946,7;   3610,3;   3752,6;   3348,3;   3028,9;   2931,0;   2937,0;   2548,3;    716,5;      0,0;      0,0;      0,0;      0,0;      0,0;
;;;;;;;;;;;;;;;;;;;;;;;;;
