OMIE - Mercado de electricidad;Fecha Emisión :01/04/2025 - 13:20;;02/04/2025;Precio del mercado diario (EUR/MWh);;;;

;1;2;3;4;5;6;7;8;9;10;11;12;13;14;15;16;17;18;19;20;21;22;23;24;
Precio marginal en el sistema español (EUR/MWh);    38,11;    26,34;    26,10;    20,00;    20,00;    26,34;    39,87;    90,08;   104,90;    54,33;    21,15;     1,00;     0,00;     0,00;    -0,01;    -0,02;    -0,01;     0,04;     7,96;    32,96;    53,11;    49,23;    32,95;    27,30;
Precio marginal en el sistema portugués (EUR/MWh);    38,11;    26,34;    26,10;    20,00;    20,00;    26,34;    39,87;    90,08;   104,90;    54,33;    21,15;     1,52;     0,00;     0,00;    -0,01;    -0,02;    -0,01;     0,04;     7,96;    32,96;    53,11;    49,23;    32,95;    27,30;
Energía total de compra sistema español (MWh);  14706,3;  17427,3;  16767,4;  17081,5;  17093,4;  16695,3;  18260,6;  17203,4;  17973,0;  18169,2;  23339,1;  24035,9;  23545,1;  23405,6;  22617,0;  21970,9;  21940,5;  22540,3;  21295,9;  21631,6;  18531,4;  23555,2;  21879,0;  19645,0;
Energía total de venta sistema español (MWh);  14053,9;  16911,1;  16229,9;  15951,0;  15716,9;  16067,0;  17298,0;  14260,6;  15255,7;  17808,0;  23061,5;  23869,9;  23849,2;  23789,0;  23373,1;  23065,7;  23278,4;  24137,2;  25316,8;  25119,2;  19649,0;  23312,3;  23715,3;  23673,4;
Energía total de compra sistema portugués (MWh);   5782,0;   5286,6;   4898,5;   4696,5;   4580,1;   4509,8;   4521,6;   4890,6;   5650,3;   6420,2;   6565,5;   7533,5;   7774,8;   7654,6;   7814,9;   7900,4;   7856,6;   7607,5;   6530,1;   6755,1;   7261,5;   7401,8;   7131,7;   6508,0;
Energía total de venta sistema portugués (MWh);   5146,7;   4220,9;   4121,2;   3944,6;   4136,7;   4487,6;   5757,1;   7104,4;   8121,4;   6977,5;   5723,7;   4878,5;   5119,8;   5276,7;   5417,8;   5469,7;   5423,4;   5388,2;   5567,4;   6551,5;   7286,5;   7044,0;   6004,2;   5763,6;
Energía total del mercado Ibérico (MWh);  20488,3;  22713,9;  21665,9;  21778,0;  21673,5;  21205,1;  22782,2;  22094,0;  23623,3;  24589,4;  29904,6;  31569,4;  31319,9;  31060,2;  30431,9;  29871,3;  29797,1;  30147,8;  27826,0;  28386,7;  25792,9;  30957,0;  29010,7;  26153,0;
Energía total con bilaterales del mercado Ibérico (MWh);  30323,3;  28977,3;  27687,7;  27667,4;  27516,1;  27268,1;  29574,5;  33257,4;  35289,4;  36795,1;  37574,9;  39845,9;  40001,8;  39909,9;  39383,3;  38841,1;  38511,4;  38390,4;  37005,5;  37234,9;  38732,4;  40064,6;  37352,2;  33798,3;
Importación de España desde Portugal (MWh);      0,0;      0,0;      0,0;      0,0;      0,0;      0,0;   1235,5;   2213,8;   2471,1;    557,3;      0,0;      0,0;      0,0;      0,0;      0,0;      0,0;      0,0;      0,0;      0,0;      0,0;     25,0;      0,0;      0,0;      0,0;
Exportación de España a Portugal (MWh);    635,3;   1065,7;    777,3;    751,9;    443,4;     22,2;      0,0;      0,0;      0,0;      0,0;    841,8;   2655,0;   2655,0;   2377,9;   2397,1;   2430,7;   2433,2;   2219,3;    962,7;    203,6;      0,0;    357,8;   1127,5;    744,4;
;;;;;;;;;;;;;;;;;;;;;;;;;
