OMIE - Mercado de electricidad;Fecha Emisión :08/04/2025 - 13:52;;09/04/2025;Precio del mercado diario (EUR/MWh);;;;

;1;2;3;4;5;6;7;8;9;10;11;12;13;14;15;16;17;18;19;20;21;22;23;24;
Precio marginal en el sistema español (EUR/MWh);    50,13;    37,00;    33,68;    32,06;    28,46;    28,90;    37,00;    86,96;    98,21;    33,68;     5,80;    -0,01;    -0,01;    -0,02;    -0,20;    -0,50;    -0,02;     0,00;     9,81;    37,00;    70,00;    89,00;    53,96;    36,64;
Precio marginal en el sistema portugués (EUR/MWh);    50,13;    37,00;    33,68;    32,06;    28,46;    28,90;    37,00;    86,96;    98,21;    33,68;     5,80;    -0,01;    -0,01;    -0,02;    -0,20;    -0,50;    -0,02;     0,00;     9,81;    37,00;    70,00;    89,00;    53,96;    36,64;
Energía total de compra sistema español (MWh);  17695,1;  16651,4;  16327,6;  15938,8;  16111,2;  16596,9;  18099,6;  16518,0;  17229,2;  20326,9;  21789,3;  20949,1;  20584,2;  20494,6;  20138,4;  19706,6;  19571,6;  19849,7;  20488,0;  19818,3;  18150,1;  19239,4;  20827,7;  18260,3;
Energía total de venta sistema español (MWh);  18134,4;  17946,4;  17817,8;  17692,2;  17981,1;  18156,5;  18464,8;  14327,9;  16295,3;  22496,1;  26589,3;  25813,7;  26068,5;  26414,6;  26213,9;  25895,4;  25774,7;  26304,3;  25890,8;  22668,9;  16963,7;  16483,7;  20645,1;  20316,1;
Energía total de compra sistema portugués (MWh);   5516,2;   5087,1;   4731,6;   4509,0;   4409,5;   4374,5;   4461,3;   4890,5;   5542,4;   6275,2;   7621,6;   7452,4;   7452,8;   7259,3;   7147,7;   7289,6;   7268,0;   7348,3;   7155,8;   6363,1;   6760,0;   6987,7;   6638,6;   6054,5;
Energía total de venta sistema portugués (MWh);   6897,9;   6328,4;   5895,2;   5576,6;   5258,1;   5589,9;   6732,1;   8454,4;   8851,4;   6742,0;   5457,6;   4558,6;   4387,8;   4238,9;   4078,2;   3875,8;   3839,9;   3668,7;   4203,0;   5962,5;   6688,1;   7246,4;   6237,6;   5720,3;
Energía total del mercado Ibérico (MWh);  23211,3;  21738,5;  21059,2;  20447,8;  20520,7;  20971,4;  22560,9;  21408,5;  22771,6;  26602,1;  29410,9;  28401,5;  28037,0;  27753,9;  27286,1;  26996,2;  26839,6;  27198,0;  27643,8;  26181,4;  24910,1;  26227,1;  27466,3;  24314,8;
Energía total con bilaterales del mercado Ibérico (MWh);  29802,8;  27972,8;  26983,7;  26204,8;  26239,2;  26843,0;  29173,1;  32611,7;  34740,4;  36749,5;  39653,7;  38821,2;  38432,8;  38120,1;  37469,5;  36891,7;  36522,6;  36771,2;  36727,0;  35368,6;  37210,1;  38766,6;  36151,1;  32430,8;
Importación de España desde Portugal (MWh);   1381,7;   1241,3;   1163,6;   1067,6;    848,6;   1215,4;   2270,8;   3563,9;   3309,0;    466,8;      0,0;      0,0;      0,0;      0,0;      0,0;      0,0;      0,0;      0,0;      0,0;      0,0;      0,0;    258,7;      0,0;      0,0;
Exportación de España a Portugal (MWh);      0,0;      0,0;      0,0;      0,0;      0,0;      0,0;      0,0;      0,0;      0,0;      0,0;   2164,0;   2893,8;   3065,0;   3020,4;   3069,5;   3413,8;   3428,1;   3679,6;   2952,8;    400,6;     71,9;      0,0;    401,0;    334,2;
;;;;;;;;;;;;;;;;;;;;;;;;;
