OMIE - Mercado de electricidad;Fecha Emisión :20/04/2025 - 13:51;;21/04/2025;Precio del mercado diario (EUR/MWh);;;;

;1;2;3;4;5;6;7;8;9;10;11;12;13;14;15;16;17;18;19;20;21;22;23;24;
Precio marginal en el sistema español (EUR/MWh);    39,00;    25,50;    23,66;    22,50;    25,00;    29,97;    60,05;    72,13;    65,12;    33,98;    25,74;    15,00;    11,83;     8,12;     6,56;     9,27;    11,94;    20,33;    44,86;   107,78;   134,09;   160,00;   122,77;   102,93;
Precio marginal en el sistema portugués (EUR/MWh);    39,00;    25,50;    23,66;    22,50;    25,00;    29,97;    39,00;    72,13;    65,12;    33,98;    25,74;    15,00;    11,83;     8,12;     6,56;     9,27;    11,94;    20,33;    44,86;    76,72;   134,09;   160,00;   122,77;    98,20;
Energía total de compra sistema español (MWh);  14954,3;  13762,3;  13150,9;  12863,5;  12851,4;  13352,6;  15249,4;  18682,0;  19726,6;  20105,0;  20521,3;  20631,6;  20654,5;  21106,7;  21174,3;  20314,6;  19667,5;  19131,0;  19646,8;  19630,5;  16521,6;  17660,4;  15626,9;  16810,6;
Energía total de venta sistema español (MWh);  15439,8;  14503,4;  14380,1;  14261,8;  13801,9;  14091,6;  14685,3;  16154,3;  18794,8;  22322,2;  24004,7;  24631,2;  24823,8;  24611,9;  23989,7;  23175,3;  22057,2;  20673,0;  19319,2;  18470,4;  12501,6;  11775,6;  11511,5;  14570,0;
Energía total de compra sistema portugués (MWh);   4512,6;   4276,8;   4050,5;   3874,9;   3791,8;   3740,1;   3850,4;   4222,4;   4704,6;   5352,9;   5568,8;   5704,6;   5836,5;   5910,0;   5817,2;   5532,4;   5372,7;   5303,7;   5181,5;   5455,3;   5989,4;   6418,8;   6207,2;   5657,3;
Energía total de venta sistema portugués (MWh);   7403,1;   6911,7;   6197,3;   5852,6;   6091,4;   6448,4;   6506,4;   6826,4;   6843,7;   6579,9;   5609,7;   4480,0;   4222,9;   3758,0;   3925,3;   4086,9;   4733,4;   5362,1;   7377,8;   8348,3;   8735,0;   8696,6;   8691,2;   8550,3;
Energía total del mercado Ibérico (MWh);  19466,9;  18039,1;  17201,4;  16738,4;  16643,2;  17092,7;  19099,8;  22904,4;  24431,2;  25457,9;  26090,1;  26336,2;  26491,0;  27016,7;  26991,5;  25847,0;  25040,2;  24434,7;  24828,3;  25085,8;  22511,0;  24079,2;  21834,1;  22467,9;
Energía total con bilaterales del mercado Ibérico (MWh);  24902,6;  23310,8;  22281,0;  21690,5;  21509,2;  21905,2;  23934,2;  26915,7;  29167,6;  31168,3;  31977,9;  32532,8;  32535,0;  32918,4;  32577,9;  31163,1;  30244,5;  29420,8;  29659,5;  30446,2;  32804,0;  34180,5;  32170,8;  29395,7;
Importación de España desde Portugal (MWh);   2890,5;   2634,9;   2146,8;   1977,7;   2299,6;   2708,3;   2656,0;   2604,0;   2139,1;   1227,0;     40,9;      0,0;      0,0;      0,0;      0,0;      0,0;      0,0;     58,4;   2196,3;   2893,0;   2745,6;   2277,8;   2484,0;   2893,0;
Exportación de España a Portugal (MWh);      0,0;      0,0;      0,0;      0,0;      0,0;      0,0;      0,0;      0,0;      0,0;      0,0;      0,0;   1224,6;   1613,6;   2152,0;   1891,9;   1445,5;    639,3;      0,0;      0,0;      0,0;      0,0;      0,0;      0,0;      0,0;
;;;;;;;;;;;;;;;;;;;;;;;;;
