OMIE - Mercado de electricidad;Fecha Emisión :16/04/2025 - 14:04;;17/04/2025;Precio del mercado diario (EUR/MWh);;;;

;1;2;3;4;5;6;7;8;9;10;11;12;13;14;15;16;17;18;19;20;21;22;23;24;
Precio marginal en el sistema español (EUR/MWh);    20,19;    16,22;    15,98;    15,88;    15,50;    15,50;    16,46;    22,48;    19,97;     9,50;     3,52;     1,49;     0,00;     0,00;     0,00;     0,00;     0,00;     0,00;     3,52;    20,08;    72,83;   107,50;    87,56;    62,40;
Precio marginal en el sistema portugués (EUR/MWh);    20,19;    16,22;    15,98;    15,88;    15,50;    15,50;    16,46;    22,48;    19,97;     9,50;     3,52;     1,49;     0,00;     0,00;     0,00;     0,00;     0,00;     0,00;     3,52;    20,08;    72,83;   107,50;    87,56;    62,40;
Energía total de compra sistema español (MWh);  18680,6;  17691,7;  17240,4;  16880,3;  16679,5;  16754,5;  17554,7;  18392,0;  20027,0;  21736,3;  22022,7;  22744,7;  22192,9;  22242,3;  22062,5;  21164,2;  20572,6;  20957,1;  20991,9;  21157,2;  17890,4;  14951,2;  14029,3;  16858,6;
Energía total de venta sistema español (MWh);  20335,5;  19467,3;  18994,4;  18596,6;  18260,6;  18292,9;  18851,1;  19496,3;  21926,2;  25514,9;  27150,0;  28550,4;  28215,1;  27910,0;  27441,7;  26076,8;  25405,7;  25399,1;  24982,6;  22581,8;  18433,6;  13754,7;  13688,0;  16783,1;
Energía total de compra sistema portugués (MWh);   5644,5;   5088,9;   4714,7;   4486,2;   4381,3;   4342,5;   4439,9;   4837,2;   5437,8;   6169,6;   6788,1;   7646,3;   7977,9;   7791,4;   7626,8;   7731,2;   7721,3;   7473,1;   6400,1;   6159,0;   6552,7;   6811,0;   6537,3;   5925,8;
Energía total de venta sistema portugués (MWh);   6089,6;   5413,3;   5060,7;   4869,9;   4900,2;   4904,1;   5243,5;   5832,9;   5638,6;   4491,0;   3760,8;   3690,6;   3805,7;   3973,7;   4097,6;   4168,6;   4238,2;   4381,1;   4509,4;   6834,4;   8109,5;   8944,7;   8978,6;   8101,3;
Energía total del mercado Ibérico (MWh);  24325,1;  22780,6;  21955,1;  21366,5;  21060,8;  21097,0;  21994,6;  23229,2;  25464,8;  27905,9;  28810,8;  30391,0;  30170,8;  30033,7;  29689,3;  28895,4;  28293,9;  28430,2;  27392,0;  27316,2;  24443,1;  21762,2;  20566,6;  22784,4;
Energía total con bilaterales del mercado Ibérico (MWh);  29274,2;  27608,1;  26146,1;  25264,9;  24918,3;  24992,0;  26318,0;  27666,7;  30010,5;  33308,4;  34870,9;  36619,7;  36582,0;  36524,5;  36105,7;  35060,2;  34266,2;  34129,4;  32634,8;  32421,4;  32213,9;  33002,3;  31459,6;  29172,8;
Importación de España desde Portugal (MWh);    445,1;    324,4;    346,0;    383,7;    518,9;    561,6;    803,6;    995,7;    200,8;      0,0;      0,0;      0,0;      0,0;      0,0;      0,0;      0,0;      0,0;      0,0;      0,0;    675,4;   1556,8;   2133,7;   2441,3;   2175,5;
Exportación de España a Portugal (MWh);      0,0;      0,0;      0,0;      0,0;      0,0;      0,0;      0,0;      0,0;      0,0;   1678,6;   3027,3;   3955,7;   4172,2;   3817,7;   3529,2;   3562,6;   3483,1;   3092,0;   1890,7;      0,0;      0,0;      0,0;      0,0;      0,0;
;;;;;;;;;;;;;;;;;;;;;;;;;
