OMIE - Mercado de electricidad;Fecha Emisión :13/04/2025 - 01:09;;13/04/2025;Precio del mercado diario (EUR/MWh);;;;

;1;2;3;4;5;6;7;8;9;10;11;12;13;14;15;16;17;18;19;20;21;22;23;24;
Precio marginal en el sistema español (EUR/MWh);    35,00;    35,00;    31,30;    20,08;    15,31;    14,99;    21,63;    27,75;    17,23;     9,00;     2,55;     0,18;     0,00;    -0,01;    -0,20;    -1,51;    -0,01;     0,00;     1,35;     8,24;    44,31;    60,55;    59,04;    38,50;
Precio marginal en el sistema portugués (EUR/MWh);    35,00;    35,00;    31,30;    20,08;    15,31;    14,99;    21,63;    27,75;    17,23;     9,00;     2,55;     0,18;     0,00;    -0,01;    -0,20;    -1,51;    -0,01;     0,00;     1,35;     8,24;    44,31;    60,55;    59,04;    38,50;
Energía total de compra sistema español (MWh);  13558,0;  15325,7;  14329,0;  14414,5;  14539,1;  14543,4;  14093,5;  14383,0;  15857,6;  16976,1;  18152,7;  18128,4;  18284,4;  18533,1;  18314,3;  17358,7;  16711,5;  17123,7;  16727,3;  17864,2;  18432,9;  16601,8;  15292,0;  16739,4;
Energía total de venta sistema español (MWh);  11740,6;  14125,1;  13624,9;  13592,0;  13436,5;  13325,4;  13212,7;  12945,5;  14130,3;  15213,9;  17179,0;  18598,4;  19289,2;  19649,7;  19309,9;  18425,6;  19833,3;  21431,0;  20648,7;  20649,3;  19624,2;  15554,3;  15883,3;  18418,5;
Energía total de compra sistema portugués (MWh);   5083,3;   4631,8;   4275,8;   4028,8;   3925,8;   3850,5;   3820,8;   3963,8;   4009,6;   4929,1;   5392,4;   6115,3;   6519,0;   6733,4;   6538,5;   6310,4;   6195,7;   6111,3;   5755,6;   5739,4;   5556,8;   5903,7;   5706,3;   5429,6;
Energía total de venta sistema portugués (MWh);   4550,7;   4588,7;   4064,9;   3557,1;   3560,7;   3594,7;   3668,4;   4146,5;   4040,8;   4101,3;   3776,1;   3645,3;   3514,2;   3616,8;   3542,9;   3243,5;   4283,2;   4810,0;   4840,2;   5603,3;   7014,5;   7469,1;   7240,2;   6143,6;
Energía total del mercado Ibérico (MWh);  18641,3;  19957,5;  18604,8;  18443,3;  18464,9;  18393,9;  17914,3;  18346,8;  19867,2;  21905,2;  23545,1;  24243,7;  24803,4;  25266,5;  24852,8;  23669,1;  22907,2;  23235,0;  22482,9;  23603,6;  23989,7;  22505,5;  20998,3;  22169,0;
Energía total con bilaterales del mercado Ibérico (MWh);  27411,2;  25596,0;  23967,3;  23618,6;  23552,2;  23507,2;  23163,8;  23740,4;  25492,7;  28414,3;  30710,7;  31881,0;  32692,2;  33336,3;  32934,2;  31528,9;  30616,4;  31029,5;  30251,5;  31012,3;  31294,2;  33243,3;  31424,9;  29036,5;
Importación de España desde Portugal (MWh);      0,0;      0,0;      0,0;      0,0;      0,0;      0,0;      0,0;    182,7;     31,2;      0,0;      0,0;      0,0;      0,0;      0,0;      0,0;      0,0;      0,0;      0,0;      0,0;      0,0;   1457,7;   1565,4;   1533,9;    714,0;
Exportación de España a Portugal (MWh);    532,6;     43,1;    210,9;    471,7;    365,1;    255,8;    152,4;      0,0;      0,0;    827,8;   1616,3;   2470,0;   3004,8;   3116,6;   2995,6;   3066,9;   1912,5;   1301,3;    915,4;    136,1;      0,0;      0,0;      0,0;      0,0;
;;;;;;;;;;;;;;;;;;;;;;;;;
