OMIE - Mercado de electricidad;Fecha Emisión :30/04/2025 - 19:51;;27/04/2025;Precio del mercado diario (EUR/MWh);;;;

;1;2;3;4;5;6;7;8;9;10;11;12;13;14;15;16;17;18;19;20;21;22;23;24;
Precio marginal en el sistema español (EUR/MWh);    14,00;     5,11;     3,60;     3,52;     3,52;     3,52;     3,60;     3,52;     0,00;    -1,51;    -3,00;    -5,00;    -5,00;    -5,80;    -5,80;    -6,01;    -5,17;    -3,02;    -0,99;     3,52;    35,00;   100,70;    85,14;    40,00;
Precio marginal en el sistema portugués (EUR/MWh);    14,00;     5,11;     3,60;     3,52;     3,52;     3,52;     3,60;     3,52;     0,00;    -1,51;    -3,00;    -5,00;    -5,00;    -5,00;    -5,00;    -1,48;    -0,50;    -0,01;     0,00;     3,52;    35,00;   100,70;    85,14;    40,00;
Energía total de compra sistema español (MWh);  16569,6;  15182,8;  14382,6;  14274,7;  14236,9;  14438,6;  14818,6;  15308,8;  14859,7;  15702,7;  16147,7;  16597,3;  16350,6;  16955,0;  16826,5;  15764,8;  15276,4;  15401,3;  17038,2;  18642,0;  17848,9;  16311,6;  18495,6;  16950,2;
Energía total de venta sistema español (MWh);  19058,7;  17640,0;  16675,2;  16210,7;  15927,4;  15900,2;  16233,3;  16708,9;  18499,4;  19987,1;  20866,6;  19247,3;  19138,0;  17935,0;  17806,5;  15864,8;  18117,7;  20201,3;  21838,2;  22937,9;  19649,6;  16677,5;  18941,4;  18194,0;
Energía total de compra sistema portugués (MWh);   4753,3;   4392,6;   4531,4;   4304,3;   4197,7;   4110,9;   4131,1;   4149,4;   4915,7;   5294,3;   6016,9;   6701,7;   6722,6;   6601,1;   6372,7;   5813,1;   5616,8;   5512,4;   5560,2;   5454,8;   5045,0;   5477,8;   5493,8;   5188,7;
Energía total de venta sistema portugués (MWh);   5224,2;   4895,4;   5198,8;   5328,3;   5467,2;   5609,3;   5676,4;   5709,3;   4236,0;   3969,9;   3725,4;   3371,7;   3392,6;   3271,1;   3042,7;   3313,1;   3116,8;   3012,4;   3060,2;   4118,9;   6204,3;   7904,5;   8008,0;   6904,9;
Energía total del mercado Ibérico (MWh);  21322,9;  19575,4;  18914,0;  18579,0;  18434,6;  18549,5;  18949,7;  19458,2;  19775,4;  20997,0;  22164,6;  23299,0;  23073,2;  23556,1;  23199,2;  21577,9;  20893,2;  20913,7;  22598,4;  24096,8;  22893,9;  21789,4;  23989,4;  22138,9;
Energía total con bilaterales del mercado Ibérico (MWh);  27461,3;  25548,6;  24749,5;  23909,8;  23557,8;  23619,3;  23977,3;  24629,7;  25981,5;  27722,9;  29796,8;  31278,0;  31170,2;  31592,0;  31146,2;  29369,9;  28452,1;  28172,6;  29317,1;  29923,5;  29453,2;  31366,2;  30323,4;  28243,6;
Importación de España desde Portugal (MWh);    470,9;    502,8;    667,4;   1024,0;   1269,5;   1498,4;   1545,3;   1559,9;      0,0;      0,0;      0,0;      0,0;      0,0;      0,0;      0,0;      0,0;      0,0;      0,0;      0,0;      0,0;   1159,3;   2426,7;   2514,2;   1716,2;
Exportación de España a Portugal (MWh);      0,0;      0,0;      0,0;      0,0;      0,0;      0,0;      0,0;      0,0;    679,7;   1324,4;   2291,5;   3330,0;   3330,0;   3330,0;   3330,0;   2500,0;   2500,0;   2500,0;   2500,0;   1335,9;      0,0;      0,0;      0,0;      0,0;
;;;;;;;;;;;;;;;;;;;;;;;;;
