OMIE - Mercado de electricidad;Fecha Emisión :21/04/2025 - 14:05;;22/04/2025;Precio del mercado diario (EUR/MWh);;;;

;1;2;3;4;5;6;7;8;9;10;11;12;13;14;15;16;17;18;19;20;21;22;23;24;
Precio marginal en el sistema español (EUR/MWh);    85,10;    76,05;    71,73;    70,41;    73,06;    66,00;    84,48;   120,62;   126,60;    83,51;    69,70;    45,00;    30,00;    20,37;    15,00;     5,11;     4,31;     5,79;    21,70;    60,00;    99,99;   130,04;   105,03;    75,81;
Precio marginal en el sistema portugués (EUR/MWh);    85,10;    76,05;    71,73;    70,41;    73,06;    66,00;    84,48;   115,90;   126,60;    83,51;    69,70;    45,00;    30,00;    20,37;    15,00;     5,11;     4,31;     5,79;    21,70;    60,00;    99,99;   130,04;   105,03;    75,81;
Energía total de compra sistema español (MWh);  13257,5;  14785,1;  14252,2;  14251,8;  14283,2;  14529,3;  13879,5;  15873,9;  17267,9;  17104,5;  22281,0;  22210,5;  22769,3;  23997,8;  24393,2;  23791,4;  23233,3;  23762,9;  23091,1;  22646,0;  17350,6;  18418,1;  16338,0;  14892,3;
Energía total de venta sistema español (MWh);  11610,0;  13689,1;  13423,9;  13479,3;  13730,1;  13990,6;  12615,8;  14846,0;  16879,8;  18590,7;  24469,3;  25295,8;  26915,0;  27963,6;  28253,9;  28231,7;  28167,2;  28228,5;  27312,8;  24068,4;  18117,4;  17308,9;  16101,0;  14934,9;
Energía total de compra sistema portugués (MWh);   5117,9;   4749,8;   4389,0;   4184,2;   4094,1;   4085,2;   4242,9;   4674,0;   5332,8;   6139,8;   6327,8;   6217,1;   6869,3;   6691,8;   6568,0;   6913,8;   7080,9;   7073,4;   6796,9;   6155,5;   6729,8;   7120,4;   6866,2;   6231,0;
Energía total de venta sistema portugués (MWh);   7422,8;   6818,6;   6223,2;   5439,4;   5622,1;   5922,9;   7140,9;   8334,0;   8658,3;   7705,6;   6716,5;   5952,8;   5544,6;   5547,0;   5528,3;   4970,5;   4644,0;   5104,8;   5350,2;   7508,1;   8396,0;   9029,9;   8209,5;   7885,3;
Energía total del mercado Ibérico (MWh);  18375,4;  19534,9;  18641,2;  18436,0;  18377,3;  18614,5;  18122,4;  20547,9;  22600,7;  23244,3;  28608,8;  28427,6;  29638,6;  30689,6;  30961,2;  30705,2;  30314,2;  30836,3;  29888,0;  28801,5;  24080,4;  25538,5;  23204,2;  21123,3;
Energía total con bilaterales del mercado Ibérico (MWh);  26961,5;  25350,9;  24220,2;  23551,5;  23535,4;  24334,9;  27282,1;  30734,5;  33414,5;  35161,7;  35666,0;  35567,8;  36989,9;  38005,7;  38229,8;  37933,4;  37504,7;  37759,9;  36442,9;  34713,7;  36013,3;  37412,8;  34678,2;  31823,4;
Importación de España desde Portugal (MWh);   2304,9;   2068,8;   1834,2;   1255,2;   1528,0;   1837,7;   2898,0;   3660,0;   3325,5;   1565,8;    388,7;      0,0;      0,0;      0,0;      0,0;      0,0;      0,0;      0,0;      0,0;   1352,6;   1666,2;   1909,5;   1343,3;   1654,3;
Exportación de España a Portugal (MWh);      0,0;      0,0;      0,0;      0,0;      0,0;      0,0;      0,0;      0,0;      0,0;      0,0;      0,0;    264,3;   1324,7;   1144,8;   1039,7;   1943,3;   2436,9;   1968,6;   1446,7;      0,0;      0,0;      0,0;      0,0;      0,0;
;;;;;;;;;;;;;;;;;;;;;;;;;
