OMIE - Mercado de electricidad;Fecha Emisión :09/04/2025 - 13:45;;10/04/2025;Precio del mercado diario (EUR/MWh);;;;

;1;2;3;4;5;6;7;8;9;10;11;12;13;14;15;16;17;18;19;20;21;22;23;24;
Precio marginal en el sistema español (EUR/MWh);    33,68;    28,46;    21,46;    20,08;    18,36;    17,46;    15,00;    35,01;    37,50;    30,48;    10,99;     0,65;     0,00;     0,00;    -0,01;    -0,01;     0,00;     0,00;     4,99;    20,30;    38,54;    50,82;    43,30;    33,68;
Precio marginal en el sistema portugués (EUR/MWh);    33,68;    28,46;    21,46;    20,08;    18,36;    17,46;    15,00;    35,01;    37,50;    30,48;    10,99;     0,65;     0,00;     0,00;    -0,01;    -0,01;     0,00;     0,00;     4,99;    20,30;    38,54;    50,82;    43,30;    33,68;
Energía total de compra sistema español (MWh);  17389,2;  16324,8;  15820,7;  15979,9;  16141,1;  16552,1;  18240,9;  20868,3;  17968,7;  21091,1;  21383,6;  21291,9;  20784,1;  20512,2;  19980,8;  19392,0;  19055,7;  19620,0;  20719,2;  20946,0;  22478,6;  23215,6;  21165,5;  19298,0;
Energía total de venta sistema español (MWh);  18757,8;  18976,1;  18476,2;  18319,3;  18290,5;  18547,8;  19955,9;  21121,2;  18777,5;  23260,4;  25140,2;  24979,5;  24532,8;  24338,9;  24407,1;  24722,0;  24226,1;  25153,4;  26768,1;  25583,2;  25376,5;  24505,5;  23668,7;  21647,8;
Energía total de compra sistema portugués (MWh);   5577,2;   5044,7;   4724,8;   4505,5;   4418,2;   4377,9;   4537,0;   4958,0;   5567,1;   6319,5;   7214,8;   7501,2;   7600,4;   7523,7;   7419,0;   7507,0;   7497,0;   7513,1;   7322,8;   6280,5;   6758,1;   6983,6;   6636,1;   6096,3;
Energía total de venta sistema portugués (MWh);   5967,1;   4875,1;   4890,3;   4987,1;   5122,8;   5296,2;   5566,0;   7449,1;   7502,3;   6894,2;   6202,2;   4813,6;   4382,4;   4198,3;   3992,7;   3777,0;   3661,0;   3579,7;   3673,9;   4043,3;   6260,2;   6644,3;   6532,9;   6146,5;
Energía total del mercado Ibérico (MWh);  22966,4;  21369,5;  20545,5;  20485,4;  20559,3;  20930,0;  22777,9;  25826,3;  23535,8;  27410,6;  28598,4;  28793,1;  28384,5;  28035,9;  27399,8;  26899,0;  26552,7;  27133,1;  28042,0;  27226,5;  29236,7;  30199,2;  27801,6;  25394,3;
Energía total con bilaterales del mercado Ibérico (MWh);  30013,8;  28076,2;  27021,2;  26637,9;  26680,9;  27190,1;  29759,8;  33697,6;  35392,8;  36639,6;  38196,0;  38578,4;  38537,0;  38317,6;  37576,8;  36853,0;  36310,9;  36730,3;  37255,6;  35968,2;  38057,1;  39139,7;  36049,5;  32882,3;
Importación de España desde Portugal (MWh);    389,9;      0,0;    165,5;    481,6;    704,6;    918,3;   1029,0;   2491,1;   1935,2;    574,7;      0,0;      0,0;      0,0;      0,0;      0,0;      0,0;      0,0;      0,0;      0,0;      0,0;      0,0;      0,0;      0,0;     50,2;
Exportación de España a Portugal (MWh);      0,0;    169,6;      0,0;      0,0;      0,0;      0,0;      0,0;      0,0;      0,0;      0,0;   1012,6;   2687,6;   3218,0;   3325,4;   3426,3;   3730,0;   3836,0;   3933,4;   3648,9;   2237,2;    497,9;    339,3;    103,2;      0,0;
;;;;;;;;;;;;;;;;;;;;;;;;;
