OMIE - Mercado de electricidad;Fecha Emisión :30/04/2025 - 19:51;;24/04/2025;Precio del mercado diario (EUR/MWh);;;;

;1;2;3;4;5;6;7;8;9;10;11;12;13;14;15;16;17;18;19;20;21;22;23;24;
Precio marginal en el sistema español (EUR/MWh);    75,24;    55,89;    45,50;    47,46;    47,46;    53,17;    65,74;    95,00;    71,33;    19,97;     0,65;     0,00;    -0,01;    -0,01;    -0,01;    -0,01;    -0,01;     0,00;     3,52;    47,46;   102,35;   114,48;   106,53;    93,10;
Precio marginal en el sistema portugués (EUR/MWh);    75,24;    55,89;    45,50;    47,46;    47,46;    53,17;    65,74;    95,00;    71,33;    19,97;     3,95;     0,10;     0,04;     0,00;     0,00;     0,00;     0,00;     0,00;     3,52;    47,46;   102,35;   114,48;   106,53;    93,10;
Energía total de compra sistema español (MWh);  13067,1;  12352,7;  11856,8;  11522,0;  11537,2;  14488,4;  16337,6;  15617,5;  21219,3;  23288,4;  24046,6;  23159,2;  22777,5;  22714,2;  22241,9;  21677,3;  21186,7;  21926,9;  21437,6;  20542,6;  17063,9;  18663,9;  16274,1;  14380,0;
Energía total de venta sistema español (MWh);  14932,3;  14640,4;  14705,9;  13743,3;  13620,2;  16348,7;  16397,8;  14926,0;  21943,7;  27011,5;  29391,6;  27474,2;  27092,5;  27029,2;  26556,9;  26492,3;  26001,7;  26741,9;  27424,9;  23240,1;  16524,0;  14991,1;  14150,9;  12931,3;
Energía total de compra sistema portugués (MWh);   5423,8;   4957,7;   4645,9;   4371,4;   4223,7;   4197,2;   4298,8;   4713,6;   5380,7;   6736,6;   7515,1;   7613,3;   7572,0;   7463,4;   7314,4;   7368,7;   7176,4;   7209,7;   6939,1;   5972,4;   6478,8;   6817,3;   6571,8;   5979,2;
Energía total de venta sistema portugués (MWh);   6749,6;   5861,0;   4987,8;   5341,1;   5192,7;   5388,9;   5938,6;   7105,1;   6356,3;   4713,5;   3870,1;   3698,3;   3657,0;   3548,4;   3399,4;   3453,7;   3261,4;   3294,7;   3680,8;   6003,9;   7264,9;   7720,1;   7221,7;   7067,0;
Energía total del mercado Ibérico (MWh);  18490,9;  17310,4;  16502,7;  15893,4;  15760,9;  18685,6;  20636,4;  20331,1;  26600,0;  30025,0;  31561,7;  30772,5;  30349,5;  30177,6;  29556,3;  29046,0;  28363,1;  29136,6;  28376,7;  26515,0;  23542,7;  25481,2;  22845,9;  20359,2;
Energía total con bilaterales del mercado Ibérico (MWh);  29179,6;  27525,4;  26388,0;  25613,8;  25473,7;  25953,6;  28521,4;  31992,0;  34711,5;  38642,5;  40813,9;  40567,0;  40341,2;  40211,4;  39468,6;  38889,3;  38025,0;  38409,3;  37322,9;  35148,0;  36004,5;  37488,7;  34816,3;  31534,6;
Importación de España desde Portugal (MWh);   1325,8;    903,3;    341,9;    969,7;    969,0;   1191,7;   1639,8;   2391,5;    975,6;      0,0;      0,0;      0,0;      0,0;      0,0;      0,0;      0,0;      0,0;      0,0;      0,0;     31,5;    786,1;    902,8;    649,9;   1087,8;
Exportación de España a Portugal (MWh);      0,0;      0,0;      0,0;      0,0;      0,0;      0,0;      0,0;      0,0;      0,0;   2023,1;   3645,0;   3915,0;   3915,0;   3915,0;   3915,0;   3915,0;   3915,0;   3915,0;   3258,3;      0,0;      0,0;      0,0;      0,0;      0,0;
;;;;;;;;;;;;;;;;;;;;;;;;;
