OMIE - Mercado de electricidad;Fecha Emisión :29/04/2025 - 17:58;;30/04/2025;Precio del mercado diario (EUR/MWh);;;;

;1;2;3;4;5;6;7;8;9;10;11;12;13;14;15;16;17;18;19;20;21;22;23;24;
Precio marginal en el sistema español (EUR/MWh);    35,00;    16,46;    13,30;    13,30;    15,41;    35,00;    87,99;   117,01;    98,03;    35,00;     7,08;     0,10;     0,00;     0,00;    -0,17;    -0,02;    -0,01;     0,00;     0,65;     3,60;    35,01;   108,14;    95,10;    47,90;
Precio marginal en el sistema portugués (EUR/MWh);    12,91;    22,23;    12,53;     5,50;     3,30;     3,18;     3,30;     3,20;     5,50;    20,36;    21,94;    23,17;    21,94;    21,94;    21,56;    21,94;    22,23;    28,77;    26,86;    25,60;    38,58;    45,00;    42,88;    38,58;
Energía total de compra sistema español (MWh);  16556,7;  15674,2;  15966,1;  15569,7;  15522,8;  15861,1;  18261,9;  19860,1;  21274,7;  23091,2;  23805,3;  24211,1;  23918,4;  23751,3;  23061,6;  22042,6;  21565,7;  21753,8;  22527,9;  21964,3;  20103,9;  20971,1;  19351,9;  17681,5;
Energía total de venta sistema español (MWh);  16556,7;  15674,2;  15966,1;  15569,7;  15303,2;  15576,2;  17680,1;  19256,3;  20086,4;  23091,2;  23780,4;  22411,1;  22118,4;  21951,3;  21261,6;  21710,9;  21565,7;  21753,8;  22527,9;  21964,3;  20103,9;  20573,7;  19339,6;  17681,5;
Energía total de compra sistema portugués (MWh);   5551,1;   5006,6;   4661,7;   4659,3;   4797,3;   4893,6;   4985,0;   5429,7;   5743,4;   6187,3;   6389,3;   6269,9;   6234,4;   6057,2;   5969,7;   6087,3;   6021,8;   5978,5;   5799,6;   5904,7;   6349,5;   6889,2;   6689,0;   6130,0;
Energía total de venta sistema portugués (MWh);   5551,1;   5006,6;   4661,7;   4659,3;   4797,3;   4893,6;   4985,0;   5429,7;   5743,4;   6187,3;   6389,3;   6269,9;   6234,4;   6057,2;   5969,7;   6087,3;   6021,8;   5978,5;   5799,6;   5904,7;   6349,5;   6889,2;   6689,0;   6130,0;
Energía total del mercado Ibérico (MWh);  22107,8;  20680,8;  20627,8;  20229,0;  20320,1;  20754,7;  23246,9;  25289,8;  27018,1;  29278,5;  30194,6;  30481,0;  30152,8;  29808,5;  29031,3;  28129,9;  27587,5;  27732,3;  28327,5;  27869,0;  26453,4;  27860,3;  26040,9;  23811,5;
Energía total con bilaterales del mercado Ibérico (MWh);  28737,7;  26982,0;  25949,5;  25513,0;  25556,1;  26019,4;  28596,0;  31726,4;  33916,3;  34391,7;  35344,1;  35803,3;  35640,0;  35410,5;  34794,8;  34070,6;  33662,9;  33759,7;  34036,7;  34089,4;  34639,4;  36043,9;  33639,8;  30731,3;
Importación de España desde Portugal (MWh);      0,0;      0,0;      0,0;      0,0;      0,0;      0,0;      0,0;      0,0;      0,0;      0,0;      0,0;      0,0;      0,0;      0,0;      0,0;      0,0;      0,0;      0,0;      0,0;      0,0;      0,0;      0,0;      0,0;      0,0;
Exportación de España a Portugal (MWh);      0,0;      0,0;      0,0;      0,0;      0,0;      0,0;      0,0;      0,0;      0,0;      0,0;      0,0;      0,0;      0,0;      0,0;      0,0;      0,0;      0,0;      0,0;      0,0;      0,0;      0,0;      0,0;      0,0;      0,0;
;;;;;;;;;;;;;;;;;;;;;;;;;
