OMIE - Mercado de electricidad;Fecha Emisión :18/04/2025 - 13:36;;19/04/2025;Precio del mercado diario (EUR/MWh);;;;

;1;2;3;4;5;6;7;8;9;10;11;12;13;14;15;16;17;18;19;20;21;22;23;24;
Precio marginal en el sistema español (EUR/MWh);     8,00;     4,83;     3,83;     3,52;     3,52;     3,52;     3,52;     3,52;     2,40;     0,00;    -0,79;    -1,54;    -1,54;    -2,20;    -3,00;    -4,00;    -4,00;    -3,00;    -1,54;     0,00;     2,78;     8,00;     7,55;     8,00;
Precio marginal en el sistema portugués (EUR/MWh);     8,00;     4,83;     3,83;     3,52;     3,52;     3,52;     3,52;     3,52;     2,40;     0,00;    -0,79;    -1,54;    -1,54;    -2,20;    -3,00;    -4,00;    -4,00;    -3,00;    -1,54;     0,00;     2,78;     8,00;     7,55;     8,00;
Energía total de compra sistema español (MWh);  18274,0;  17465,6;  17144,9;  16683,6;  16653,4;  16859,9;  18013,3;  18609,9;  18992,5;  20104,3;  20016,4;  19644,3;  19238,3;  19258,7;  18901,8;  18133,3;  17482,2;  17682,6;  18808,6;  20459,8;  19199,9;  20176,5;  19093,4;  17933,8;
Energía total de venta sistema español (MWh);  19265,0;  19130,2;  19414,3;  18792,6;  18756,8;  18875,0;  19999,2;  20468,6;  21502,1;  23617,8;  23767,7;  23892,1;  23629,6;  23603,3;  22926,1;  21757,4;  20981,5;  21148,5;  22476,9;  23730,2;  21923,5;  20831,0;  20172,4;  18125,6;
Energía total de compra sistema portugués (MWh);   5167,6;   4651,1;   5184,0;   4972,5;   4828,9;   4737,4;   4724,3;   4955,7;   5621,1;   6184,4;   6536,6;   6758,1;   7096,8;   7219,4;   7009,9;   6898,9;   6760,3;   6741,4;   6795,8;   7005,2;   7136,7;   6005,7;   5695,7;   5230,8;
Energía total de venta sistema portugués (MWh);   7367,6;   6177,5;   6105,6;   6054,5;   6009,5;   6006,3;   6022,4;   5964,0;   5978,5;   5537,9;   5652,3;   5424,3;   5619,5;   5788,8;   5899,6;   6049,8;   6036,0;   6050,5;   5902,5;   6416,8;   7095,1;   8033,2;   7298,7;   7721,0;
Energía total del mercado Ibérico (MWh);  23441,6;  22116,7;  22328,9;  21656,1;  21482,3;  21597,3;  22737,6;  23565,6;  24613,6;  26288,7;  26553,0;  26402,4;  26335,1;  26478,1;  25911,7;  25032,2;  24242,5;  24424,0;  25604,4;  27465,0;  26336,6;  26182,2;  24789,1;  23164,6;
Energía total con bilaterales del mercado Ibérico (MWh);  27792,9;  25933,5;  25951,8;  25107,6;  24670,2;  24803,1;  25993,8;  27165,7;  28857,9;  31585,5;  32585,3;  32901,7;  33166,3;  33551,2;  33050,7;  31941,1;  30932,1;  30799,6;  31443,0;  32631,1;  34628,4;  34278,1;  32501,3;  30219,6;
Importación de España desde Portugal (MWh);   2200,0;   1526,4;    921,6;   1082,0;   1180,6;   1268,9;   1298,1;   1008,3;    357,4;      0,0;      0,0;      0,0;      0,0;      0,0;      0,0;      0,0;      0,0;      0,0;      0,0;      0,0;      0,0;   2027,5;   1603,0;   2490,2;
Exportación de España a Portugal (MWh);      0,0;      0,0;      0,0;      0,0;      0,0;      0,0;      0,0;      0,0;      0,0;    646,5;    884,3;   1333,8;   1477,3;   1430,6;   1110,3;    849,1;    724,3;    690,9;    893,3;    588,4;     41,6;      0,0;      0,0;      0,0;
;;;;;;;;;;;;;;;;;;;;;;;;;
